1711607658788 1.8537764515467137 0
1711607658790 1.8117334143189852 0
1711607658791 1.77314008429293 0
1711607658792 1.7386062517544865 0
1711607658793 1.7065688801748677 0
1711607658793 1.6781426727123299 0
1711607658794 1.6514846968475059 0
1711607658795 1.6274050425007471 0
1711607658796 1.6058529867744167 0
1711607658797 1.5859064385574202 0
1711607658798 1.5674694293135447 0
1711607658798 1.550800406347912 0
1711607658800 1.5353052579773006 0
1711607658801 1.5216002834148594 0
1711607658801 1.508894991538676 0
1711607658802 1.4974419442663731 0
1711607658803 1.4868762381060538 0
1711607658804 1.476752169345793 0
1711607658805 1.4680305973870555 0
1711607658806 1.4597669950901355 0
1711607658806 1.4522619608755305 0
1711607658807 1.4448738460433828 0
1711607658808 1.4386915635726087 0
1711607658809 1.4326216705998769 0
1711607658810 1.42672847862141 0
1711607658811 1.4214546943667583 0
1711607658811 1.415507495863265 0
1711607658812 1.4101196317207152 0
1711607658813 1.4059573482283025 0
1711607658814 1.4021980814264214 0
1711607658815 1.3986492022949122 0
1711607658815 1.39525137608545 0
1711607658816 1.3922709914291915 0
1711607658817 1.3886067422176318 0
1711607658818 1.385278137968262 0
1711607658819 1.3826514421704696 0
1711607658820 1.3791483624033674 0
1711607658820 1.3753715021021216 0
1711607658821 1.373125208180692 0
1711607658822 1.3697954220335735 0
1711607658823 1.3677821797091867 0
1711607658824 1.3657368483913472 0
1711607658825 1.3636284986749319 0
1711607658825 1.3608196356457292 0
1711607658827 1.3589698334130054 0
1711607658828 1.357463923516718 0
1711607658828 1.355905713292122 0
1711607658829 1.3539558199306354 0
1711607658830 1.3525537908433776 0
1711607658831 1.3503556849457212 0
1711607658832 1.3491964610943143 0
1711607658833 1.3471071996494124 0
1711607658833 1.345486745423307 0
1711607658834 1.343686916599744 0
1711607658835 1.3421266384158932 0
1711607658836 1.3408670464999426 0
1711607658837 1.3396836498017601 0
1711607658838 1.3381629532904056 0
1711607658839 1.3373912441648224 0
1711607658839 1.3360525273062196 0
1711607658840 1.3349196935124805 0
1711607658841 1.3338804105480224 0
1711607658842 1.3323991710893555 0
1711607658843 1.3313301318762099 0
1711607658844 1.3300744259166235 0
1711607658844 1.3292140849360747 0
1711607658846 1.3278003374952605 0
1711607658847 1.3263589389647386 0
1711607658848 1.325397526352169 0
1711607658849 1.3243998106112973 0
1711607658850 1.3229887594432057 0
1711607658852 1.322354397356854 0
1711607658853 1.3210095356119291 0
1711607658854 1.3202012719135918 0
1711607658855 1.3196982827417365 0
1711607658856 1.318729514827296 0
1711607658857 1.3175968421324242 0
1711607658859 1.316788708581032 0
1711607658860 1.315948542714233 0
1711607658861 1.3154345000844687 0
1711607658862 1.3146796123479927 0
1711607658863 1.3141291882841446 0
1711607658864 1.3135511813218477 0
1711607658865 1.312496858773659 0
1711607658866 1.3117163739980167 0
1711607658868 1.311072097039034 0
1711607658869 1.3104421278398033 0
1711607658870 1.3097119704886537 0
1711607658871 1.3090533684094354 0
1711607658872 1.3085491878951045 0
1711607658873 1.307623067823405 0
1711607658874 1.3070313066233845 0
1711607658875 1.3065757113581 0
1711607658876 1.3058467261434477 0
1711607658877 1.3052166939872416 0
1711607658878 1.3046355337303044 0
1711607658879 1.3041385044376494 0
1711607658880 1.3029532139302302 0
1711607658881 1.3024147507676276 0
1711607658883 1.3017818126810612 0
