1711607633091 1.8908272140427178 0
1711607633092 1.881519229898182 0
1711607633093 1.8730280133598556 0
1711607633094 1.8644011063593462 0
1711607633095 1.8553117623577462 0
1711607633096 1.8478360641948155 0
1711607633097 1.8398429932350648 0
1711607633098 1.8310062172804726 0
1711607633099 1.8239836042716049 0
1711607633100 1.8154025377684797 0
1711607633101 1.806849492523909 0
1711607633102 1.7988218208548847 0
1711607633103 1.7911495863302842 0
1711607633104 1.782988648944163 0
1711607633105 1.7765916326562705 0
1711607633106 1.7693691455994687 0
1711607633107 1.7622518471284168 0
1711607633107 1.7561081109310206 0
1711607633108 1.7496866642367583 0
1711607633109 1.7426230078597005 0
1711607633110 1.7354507364709415 0
1711607633111 1.7291784084405288 0
1711607633112 1.723340067604282 0
1711607633113 1.716769092534377 0
1711607633114 1.710158829041576 0
1711607633115 1.7038016876961188 0
1711607633116 1.6976974036882857 0
1711607633117 1.6914969296941351 0
1711607633118 1.6858658607120043 0
1711607633119 1.6802009328315848 0
1711607633119 1.6742846012778634 0
1711607633120 1.6684216173840078 0
1711607633121 1.663288996486043 0
1711607633122 1.6577639380780638 0
1711607633123 1.6523169478254174 0
1711607633124 1.6467321199234208 0
1711607633125 1.6417391277829692 0
1711607633126 1.6363514248957567 0
1711607633127 1.6310590884067566 0
1711607633128 1.6259392795872183 0
1711607633129 1.621335011848519 0
1711607633130 1.6170926771025977 0
1711607633131 1.6122643034948687 0
1711607633132 1.6075755735630848 0
1711607633132 1.6028406422902217 0
1711607633133 1.5988828204107535 0
1711607633134 1.5946396371639664 0
1711607633135 1.590188723625772 0
1711607633136 1.586181076414473 0
1711607633137 1.5821101184670898 0
1711607633138 1.57823477305271 0
1711607633139 1.5744960560040697 0
1711607633140 1.5706063056949686 0
1711607633141 1.5664018192507647 0
1711607633142 1.5628033251670235 0
1711607633143 1.5598135713863663 0
1711607633144 1.5559720656726963 0
1711607633145 1.5523128307587628 0
1711607633146 1.5492113842870137 0
1711607633147 1.5457162048883328 0
1711607633148 1.542593299772248 0
1711607633148 1.5393018307665065 0
1711607633149 1.5357145133328198 0
1711607633150 1.5335365580313631 0
1711607633151 1.5304063764667764 0
1711607633152 1.5282155369314692 0
1711607633153 1.5251512435902168 0
1711607633154 1.5220602993360193 0
1711607633155 1.519095915020901 0
1711607633156 1.5160332122340512 0
1711607633157 1.5128792621635143 0
1711607633158 1.5099359300533846 0
1711607633159 1.5070107167980769 0
1711607633160 1.5042808094967588 0
1711607633161 1.5014765214248573 0
1711607633162 1.4987410571030848 0
1711607633163 1.4963743501029294 0
1711607633164 1.4937942077029291 0
1711607633165 1.4910583153701553 0
1711607633166 1.4884463722495127 0
1711607633167 1.4859638226199685 0
1711607633168 1.4837232997630936 0
1711607633169 1.4818229909712444 0
1711607633170 1.47931414875455 0
1711607633170 1.4767502942564719 0
1711607633171 1.4743770085454373 0
1711607633173 1.4724046375406936 0
1711607633174 1.470016319663983 0
1711607633175 1.4676957200441882 0
1711607633176 1.4654074852121324 0
1711607633177 1.4634849693555951 0
1711607633178 1.4611530673880635 0
1711607633179 1.4588817747264373 0
1711607633180 1.4568477206796466 0
1711607633181 1.4547889113034986 0
1711607633181 1.4526580603570576 0
1711607633182 1.4504475270308792 0
1711607633183 1.4487088888789141 0
1711607633184 1.4465337445850057 0
1711607633185 1.4447666385418991 0
