1711607655777 1.872689701020828 0
1711607655778 1.8383593824871143 0
1711607655779 1.8053146880238575 0
1711607655781 1.7747046280146728 0
1711607655782 1.747766047617763 0
1711607655783 1.7231299215167415 0
1711607655784 1.6991552806460881 0
1711607655786 1.677944355957535 0
1711607655787 1.6647296933075424 0
1711607655788 1.6469029355653793 0
1711607655789 1.6287040871874074 0
1711607655790 1.614004364632267 0
1711607655792 1.6001794702916168 0
1711607655793 1.5852529583338073 0
1711607655794 1.5788742826120914 0
1711607655795 1.5686723888127265 0
1711607655796 1.5608974690667508 0
1711607655797 1.551426808334707 0
1711607655802 1.541469909866378 0
1711607655804 1.5311653171601896 0
1711607655806 1.5231523787642787 0
1711607655807 1.5167898951024656 0
1711607655810 1.5094676585567652 0
1711607655811 1.5030479160945525 0
1711607655813 1.4964754344291693 0
1711607655815 1.4915942598424128 0
1711607655817 1.4857507066070226 0
1711607655818 1.481154277210898 0
1711607655820 1.4757073725519332 0
1711607655821 1.4694201559780087 0
1711607655823 1.4643779080176422 0
1711607655829 1.4612975982448875 0
1711607655831 1.456710808033046 0
1711607655832 1.4531769663643637 0
1711607655833 1.451094344585758 0
1711607655834 1.4489171688576783 0
1711607655835 1.4457464689397457 0
1711607655836 1.4425616330828372 0
1711607655837 1.439721480229255 0
1711607655838 1.4367412704529017 0
1711607655839 1.4341465814114307 0
1711607655840 1.4309160456280423 0
1711607655841 1.4280091128781367 0
1711607655843 1.4251888294595851 0
1711607655844 1.4219792926626442 0
1711607655845 1.419740802694554 0
1711607655847 1.4174563864177951 0
1711607655848 1.4158742188983444 0
1711607655849 1.4143450609649646 0
1711607655851 1.412861956454525 0
1711607655854 1.4111983187249995 0
1711607655855 1.4086871225928468 0
1711607655857 1.4071735135888332 0
1711607655858 1.405831373874995 0
1711607655859 1.4046929229005374 0
1711607655860 1.403488409554782 0
1711607655861 1.4019460603195066 0
1711607655862 1.4006781001842104 0
1711607655863 1.3996550270062453 0
1711607655864 1.3986156431732706 0
1711607655865 1.3968124830820918 0
1711607655867 1.3958495631159582 0
1711607655868 1.3947936230234546 0
1711607655869 1.3932846468659343 0
1711607655870 1.3922669731658242 0
1711607655871 1.3913643693718756 0
1711607655872 1.390259067633997 0
1711607655873 1.3896442423944069 0
1711607655874 1.3881825573538418 0
1711607655875 1.3874312940794942 0
1711607655876 1.3865767241342946 0
1711607655877 1.385086546300044 0
1711607655878 1.3836185785284127 0
1711607655879 1.3831969776740736 0
1711607655880 1.3826041966670979 0
1711607655881 1.381881329944675 0
1711607655882 1.3813727836912777 0
1711607655883 1.380746217525841 0
1711607655885 1.3803031291016636 0
1711607655886 1.3796876186773204 0
1711607655887 1.379162085939989 0
1711607655888 1.3785265164704616 0
1711607655889 1.3779034665550975 0
1711607655890 1.3775467173723939 0
1711607655891 1.3769618672785433 0
1711607655893 1.3763618838124116 0
1711607655894 1.3755558319268477 0
1711607655895 1.375125175271547 0
1711607655896 1.374484042062864 0
1711607655897 1.3741061829799304 0
1711607655898 1.3735895839620997 0
1711607655899 1.3729117564392317 0
1711607655900 1.3724625458552266 0
1711607655901 1.3719235733951969 0
1711607655902 1.3714440212986712 0
1711607655903 1.3707244127338885 0
1711607655904 1.3702729120618031 0
1711607655905 1.369788131509874 0
1711607655906 1.36937549323655 0
1711607655907 1.368617854519629 0
