1711607685531 1.8451695567861228 0
1711607685532 1.7960321468374498 0
1711607685534 1.750452451895038 0
1711607685535 1.7087229788383107 0
1711607685536 1.6717454450684939 0
1711607685537 1.638533632834007 0
1711607685538 1.6087736877937069 0
1711607685539 1.5790339954863202 0
1711607685540 1.552916914983918 0
1711607685541 1.5292845101442394 0
1711607685542 1.5064901959426786 0
1711607685543 1.4868156976957767 0
1711607685544 1.4679034041845398 0
1711607685545 1.4510528529799103 0
1711607685546 1.434304614654383 0
1711607685547 1.4199780503908066 0
1711607685548 1.407763757936381 0
1711607685548 1.394770416978083 0
1711607685549 1.3836062912346465 0
1711607685550 1.3735561037178423 0
1711607685551 1.364961901493825 0
1711607685552 1.3555148307611278 0
1711607685553 1.3457757436540545 0
1711607685554 1.338009046820254 0
1711607685555 1.3293428763288389 0
1711607685556 1.3214950277689888 0
1711607685557 1.3155591199188905 0
1711607685558 1.3094594115221476 0
1711607685559 1.3039183966351853 0
1711607685560 1.2989083397845405 0
1711607685561 1.2939641418870622 0
1711607685562 1.2890406340156022 0
1711607685563 1.2843190803946636 0
1711607685564 1.2796737497941155 0
1711607685565 1.2754413757239762 0
1711607685566 1.2712286951107838 0
1711607685567 1.2666295205717892 0
1711607685568 1.2628615014387223 0
1711607685569 1.2594945195809304 0
1711607685570 1.2566007882226702 0
1711607685571 1.252400691397294 0
1711607685572 1.2489712793006487 0
1711607685573 1.2461103924260646 0
1711607685573 1.2428806613612782 0
1711607685575 1.2400816978765208 0
1711607685575 1.2372724228714254 0
1711607685576 1.234563754723469 0
1711607685577 1.231881267185898 0
1711607685578 1.2297244098235998 0
1711607685579 1.2262434929147616 0
1711607685581 1.2238676331620932 0
1711607685582 1.2218399449230346 0
1711607685585 1.219122686564229 0
1711607685587 1.2159567500195418 0
1711607685589 1.2134620903256563 0
1711607685590 1.2108804254569838 0
1711607685591 1.209046545047681 0
1711607685592 1.2072073768288005 0
1711607685593 1.204989378868386 0
1711607685594 1.2029120478075024 0
1711607685595 1.2006075151905475 0
1711607685596 1.1987685092676397 0
1711607685597 1.1967404982378451 0
1711607685598 1.19405060787173 0
1711607685599 1.1926001708743341 0
1711607685600 1.1905175977375644 0
1711607685602 1.1883394695272094 0
1711607685603 1.1860978122854384 0
1711607685604 1.1840072106124058 0
1711607685605 1.1825964725456304 0
1711607685606 1.1805841308108975 0
1711607685607 1.177899313185086 0
1711607685608 1.175779738792418 0
1711607685609 1.1743700584792576 0
1711607685610 1.1716342005993865 0
1711607685611 1.169848186494553 0
1711607685612 1.1684851551953435 0
1711607685613 1.1673425553063064 0
1711607685614 1.1648954939803893 0
1711607685615 1.16328491794535 0
1711607685616 1.162485413860706 0
1711607685617 1.1608209291154432 0
1711607685618 1.158669600074148 0
1711607685619 1.1576117618111914 0
1711607685620 1.1565634483760705 0
1711607685621 1.154333903093994 0
1711607685622 1.152469285104633 0
1711607685623 1.1512121294773263 0
1711607685623 1.1497931709979543 0
1711607685624 1.1481262226869875 0
1711607685625 1.1474408215288199 0
1711607685626 1.14688760292736 0
1711607685627 1.1454950649177371 0
1711607685628 1.1439220269270893 0
1711607685629 1.143473264262598 0
1711607685630 1.1426806504905167 0
1711607685632 1.1414422200579277 0
1711607685633 1.1407463999931773 0
1711607685633 1.139650486261015 0
1711607685634 1.1384672133277123 0
