1711607673359 1.849776748928865 0
1711607673361 1.8058150455936024 0
1711607673362 1.7644301737542145 0
1711607673363 1.725462583712376 0
1711607673364 1.690347493443655 0
1711607673365 1.6588345428505982 0
1711607673366 1.631794969122622 0
1711607673367 1.6059800556539985 0
1711607673368 1.583076202771726 0
1711607673369 1.561493115974343 0
1711607673370 1.5415657581264472 0
1711607673371 1.5236665637596467 0
1711607673372 1.5075163369149243 0
1711607673373 1.4917073693501741 0
1711607673374 1.4779600392940557 0
1711607673375 1.4652250061707162 0
1711607673376 1.4536393330095878 0
1711607673377 1.4429923640511453 0
1711607673378 1.433602287356264 0
1711607673379 1.4242345674640886 0
1711607673380 1.415361528911923 0
1711607673381 1.4079909420383447 0
1711607673382 1.4005600001287106 0
1711607673383 1.393505434174646 0
1711607673384 1.3867662422244118 0
1711607673385 1.3812764876965196 0
1711607673386 1.3754514791290493 0
1711607673387 1.369866753590148 0
1711607673388 1.365028641260244 0
1711607673388 1.3597259699045077 0
1711607673389 1.3550876607412956 0
1711607673390 1.3511605378401532 0
1711607673391 1.3465131054941826 0
1711607673392 1.342095969141994 0
1711607673393 1.338603007596632 0
1711607673394 1.3356060473535563 0
1711607673395 1.3328297723636835 0
1711607673396 1.3294222087603103 0
1711607673397 1.326067512308662 0
1711607673398 1.3228971330255395 0
1711607673399 1.320393017673804 0
1711607673400 1.318040045161022 0
1711607673401 1.315428955543491 0
1711607673402 1.3128087064962883 0
1711607673403 1.310893871519634 0
1711607673404 1.3083022504464503 0
1711607673405 1.3065237077743996 0
1711607673406 1.3045666053889782 0
1711607673407 1.3026807948489247 0
1711607673408 1.3006024801631677 0
1711607673409 1.2980684570119123 0
1711607673410 1.2961318388648648 0
1711607673411 1.2934943327438722 0
1711607673413 1.2915337672529312 0
1711607673416 1.28981680679635 0
1711607673418 1.2871675282702844 0
1711607673420 1.2857902460371429 0
1711607673422 1.2843382736809832 0
1711607673424 1.2826822219804725 0
1711607673426 1.2812522983423456 0
1711607673427 1.2796296402165914 0
1711607673428 1.2779086915292808 0
1711607673429 1.2762844311528885 0
1711607673431 1.2755727070889518 0
1711607673432 1.274387248834874 0
1711607673433 1.2729561790761876 0
1711607673434 1.2715640922297526 0
1711607673435 1.270373732150599 0
1711607673436 1.2689948387199528 0
1711607673437 1.2668757707093434 0
1711607673438 1.265619407050844 0
1711607673439 1.2633995459983764 0
1711607673440 1.2626719428090156 0
1711607673441 1.261516783321765 0
1711607673442 1.26018263143223 0
1711607673444 1.259278367230964 0
1711607673446 1.2579748414638063 0
1711607673447 1.2570294668636064 0
1711607673448 1.2562354767592707 0
1711607673450 1.2551723928275036 0
1711607673451 1.253930819937132 0
1711607673452 1.2521600181656964 0
1711607673453 1.2505046311106476 0
1711607673454 1.2497629759440565 0
1711607673455 1.248933669770514 0
1711607673457 1.248315672210029 0
1711607673458 1.2463030895397378 0
1711607673459 1.2455740776060378 0
1711607673460 1.2445345478094716 0
1711607673462 1.2438913318023967 0
1711607673463 1.2420502474032957 0
1711607673464 1.2405288279270428 0
1711607673465 1.2387963348801818 0
1711607673467 1.2380758836486208 0
1711607673468 1.237109332625186 0
1711607673469 1.2363465324435499 0
1711607673470 1.2349930600961618 0
1711607673472 1.234321923734112 0
1711607673473 1.2319884614311543 0
1711607673474 1.2309056654729984 0
