1711607627269 1.8905975121948444 0
1711607627270 1.880480284540588 0
1711607627271 1.870575136517913 0
1711607627272 1.860953076759042 0
1711607627274 1.851653781370898 0
1711607627275 1.842351696000855 0
1711607627276 1.8331599704302386 0
1711607627276 1.8241205325569245 0
1711607627277 1.815219800611158 0
1711607627278 1.806314502954027 0
1711607627279 1.7981214109046284 0
1711607627280 1.789596385720305 0
1711607627281 1.7814221000605281 0
1711607627282 1.773292556273532 0
1711607627283 1.7651944272205076 0
1711607627284 1.7573733858532536 0
1711607627285 1.749764423859134 0
1711607627286 1.7429806373728682 0
1711607627287 1.7354534015452265 0
1711607627288 1.7279332671086747 0
1711607627289 1.7209936477075687 0
1711607627290 1.7140299226029627 0
1711607627291 1.70731041319008 0
1711607627293 1.700374103986478 0
1711607627294 1.6941861380601713 0
1711607627295 1.6876606571583246 0
1711607627296 1.68131066323456 0
1711607627297 1.674951998094954 0
1711607627298 1.668807098122176 0
1711607627299 1.6630749610558708 0
1711607627300 1.6570476467282653 0
1711607627302 1.6512038439854988 0
1711607627303 1.6453834679125503 0
1711607627304 1.6398375171953874 0
1711607627305 1.634469887931395 0
1711607627306 1.6291044843795623 0
1711607627307 1.623896491037225 0
1711607627308 1.6186788666053553 0
1711607627309 1.6132937890790613 0
1711607627310 1.6083403560116263 0
1711607627312 1.60373498558783 0
1711607627313 1.5987756060375828 0
1711607627314 1.5939921735805744 0
1711607627315 1.5894978333275238 0
1711607627316 1.5850353424957384 0
1711607627317 1.5806012438667019 0
1711607627318 1.5762346288703282 0
1711607627319 1.571902433126351 0
1711607627320 1.5675385226915715 0
1711607627322 1.5633809869734119 0
1711607627323 1.5593272342139526 0
1711607627324 1.5552277243072417 0
1711607627325 1.5513442406496964 0
1711607627326 1.5475173154944863 0
1711607627327 1.543879082446996 0
1711607627328 1.5399585949049184 0
1711607627329 1.536216078219379 0
1711607627330 1.5323663323963113 0
1711607627331 1.528827720719424 0
1711607627332 1.525433313713404 0
1711607627333 1.52191566795265 0
1711607627335 1.5184540678754015 0
1711607627336 1.5151625194152258 0
1711607627337 1.5121105938883999 0
1711607627338 1.508836636063473 0
1711607627339 1.5055744174129515 0
1711607627340 1.5024771709041225 0
1711607627341 1.4994246818728572 0
1711607627342 1.4963648043703945 0
1711607627343 1.4934385021106467 0
1711607627345 1.4903388964392097 0
1711607627346 1.487367019750911 0
1711607627347 1.4844693520766292 0
1711607627348 1.4815570986290527 0
1711607627349 1.4788572294393727 0
1711607627350 1.476139143951962 0
1711607627351 1.4735629645795107 0
1711607627352 1.4711253415779824 0
1711607627354 1.468458413796938 0
1711607627355 1.4658838638089067 0
1711607627356 1.4634209306775172 0
1711607627357 1.461056468260944 0
1711607627358 1.4587948352383697 0
1711607627359 1.4563277717394303 0
1711607627360 1.4539133099157888 0
1711607627362 1.4517364740710041 0
1711607627364 1.4495453649240582 0
1711607627365 1.4473629041825207 0
1711607627367 1.4451273938739575 0
1711607627368 1.4429249368674917 0
1711607627370 1.4407168755004023 0
1711607627371 1.4386580555209298 0
1711607627373 1.4365716780499413 0
1711607627374 1.434523225835531 0
1711607627376 1.4326536545838984 0
1711607627377 1.430722510047504 0
1711607627379 1.428675021385212 0
1711607627380 1.4267973340503877 0
1711607627382 1.4249038570501182 0
1711607627384 1.423095431219397 0
