1711607615791 1.8913885969577322 0
1711607615792 1.882169014129066 0
1711607615794 1.873193465717931 0
1711607615795 1.8643643388300486 0
1711607615796 1.856607737044634 0
1711607615797 1.847937401499257 0
1711607615797 1.8395195347250612 0
1711607615798 1.8311926645902965 0
1711607615799 1.8230682729813972 0
1711607615800 1.8151650486804536 0
1711607615801 1.8073909723224808 0
1711607615802 1.79984646357179 0
1711607615804 1.7926948765082582 0
1711607615805 1.7852781456331546 0
1711607615805 1.777943961763272 0
1711607615806 1.7708643747980561 0
1711607615807 1.7639206733840764 0
1711607615808 1.75710027971096 0
1711607615809 1.7503236081891962 0
1711607615810 1.7438801017948093 0
1711607615811 1.737433773606151 0
1711607615812 1.7310578116239927 0
1711607615813 1.7248602754810933 0
1711607615814 1.7189273299843897 0
1711607615815 1.7128000354176787 0
1711607615816 1.7069563052374297 0
1711607615816 1.7012618051733115 0
1711607615817 1.695581924480905 0
1711607615818 1.6901408993520988 0
1711607615819 1.6845783537480399 0
1711607615820 1.6791657925237682 0
1711607615821 1.6739155384623243 0
1711607615822 1.6687572779384467 0
1711607615823 1.663601818948591 0
1711607615824 1.658498938708315 0
1711607615825 1.6535961773090737 0
1711607615826 1.6488646847313901 0
1711607615827 1.6440485335330308 0
1711607615827 1.6393835657161504 0
1711607615828 1.6349641513428892 0
1711607615829 1.630392262810376 0
1711607615830 1.6259828392487508 0
1711607615831 1.6216282802090152 0
1711607615832 1.6173638426255297 0
1711607615833 1.6132998292382332 0
1711607615834 1.6092443739899174 0
1711607615835 1.6055141604088181 0
1711607615836 1.6015341792532651 0
1711607615837 1.5975357508284054 0
1711607615838 1.59373117716819 0
1711607615839 1.5899519747644941 0
1711607615839 1.5863172155786833 0
1711607615841 1.5829105411555848 0
1711607615841 1.5792024256394994 0
1711607615842 1.57564819614071 0
1711607615843 1.572036980478235 0
1711607615844 1.5686605625486245 0
1711607615845 1.5653178831092 0
1711607615846 1.5619197006704713 0
1711607615847 1.558648109862001 0
1711607615848 1.555521249329147 0
1711607615849 1.5524844280398733 0
1711607615850 1.5493730052613652 0
1711607615851 1.546381199304637 0
1711607615852 1.5433624553099354 0
1711607615853 1.5403246920177447 0
1711607615854 1.5374690896713261 0
1711607615855 1.5347943369877335 0
1711607615855 1.532134047955167 0
1711607615856 1.5294681631371279 0
1711607615858 1.5267126374476006 0
1711607615859 1.5239760513058995 0
1711607615860 1.521271188226043 0
1711607615861 1.5187592640658125 0
1711607615862 1.5163108217195933 0
1711607615863 1.5138788489838901 0
1711607615864 1.5114729291313265 0
1711607615865 1.50908366074035 0
1711607615866 1.5068260870633279 0
1711607615867 1.5044802594884226 0
1711607615867 1.502321670783206 0
1711607615868 1.5000865662426206 0
1711607615869 1.4978588889182876 0
1711607615870 1.4956992347809346 0
1711607615871 1.4935774285577164 0
1711607615872 1.491459350041033 0
1711607615873 1.4893727596492645 0
1711607615874 1.4873102968927556 0
1711607615875 1.4852455620200786 0
1711607615876 1.4834293179106426 0
1711607615877 1.4815808850421446 0
1711607615877 1.4796861730715702 0
1711607615878 1.477813373297242 0
1711607615879 1.4761039565690814 0
1711607615880 1.4742905823431294 0
1711607615881 1.4725041905777847 0
1711607615882 1.470686413711325 0
1711607615883 1.4689242655223473 0
1711607615884 1.4671704026516683 0
1711607615885 1.4655557387784743 0
