1711607682350 1.8436044139323167 0
1711607682351 1.7925557142150077 0
1711607682353 1.7464673751818522 0
1711607682354 1.7048469699482376 0
1711607682355 1.6673301019239177 0
1711607682356 1.6337059123082387 0
1711607682357 1.602555189306714 0
1711607682358 1.5723133977673232 0
1711607682359 1.5470770479884688 0
1711607682360 1.521888785986579 0
1711607682361 1.500736481366749 0
1711607682362 1.4809386693317763 0
1711607682363 1.4632414965111338 0
1711607682364 1.446662128164377 0
1711607682365 1.4313565034955786 0
1711607682366 1.4172197162457878 0
1711607682367 1.4041136792374789 0
1711607682368 1.3906545930827974 0
1711607682369 1.380000059757421 0
1711607682370 1.3697082288254776 0
1711607682371 1.360415232758323 0
1711607682372 1.3516339369437234 0
1711607682373 1.3421579870597964 0
1711607682374 1.3348671587288508 0
1711607682375 1.327430321406159 0
1711607682376 1.3206824678417652 0
1711607682377 1.3130224486428788 0
1711607682379 1.3069212841675024 0
1711607682380 1.3010955181569535 0
1711607682381 1.296245089437912 0
1711607682382 1.2911217832697008 0
1711607682383 1.2863862004877782 0
1711607682384 1.2804522438685506 0
1711607682385 1.2764550022268977 0
1711607682386 1.2709929583974053 0
1711607682387 1.2673364399773528 0
1711607682388 1.262475249065785 0
1711607682389 1.2579414668058064 0
1711607682390 1.2540351510298313 0
1711607682391 1.2490561553996846 0
1711607682392 1.2453257243979703 0
1711607682393 1.2426244733308733 0
1711607682394 1.2394745324753123 0
1711607682395 1.235361883496415 0
1711607682396 1.2325401924232473 0
1711607682397 1.2281473959772038 0
1711607682398 1.2250047341513748 0
1711607682399 1.222246966449051 0
1711607682401 1.21959082586596 0
1711607682402 1.2155568229675149 0
1711607682403 1.2131432471849612 0
1711607682404 1.2107221690998853 0
1711607682405 1.2078803506872304 0
1711607682406 1.2054914309478473 0
1711607682407 1.2029626461103327 0
1711607682408 1.2003854831233907 0
1711607682409 1.1984686892267251 0
1711607682410 1.1962646053788564 0
1711607682411 1.1941915345439995 0
1711607682412 1.191610726605608 0
1711607682413 1.1882242097476146 0
1711607682414 1.1865506581128642 0
1711607682415 1.183932396849604 0
1711607682416 1.182122591177886 0
1711607682416 1.1803879563995079 0
1711607682418 1.1775544522135912 0
1711607682419 1.175262542235005 0
1711607682421 1.1733337813331919 0
1711607682422 1.1712710470182774 0
1711607682423 1.168722057729825 0
1711607682424 1.166860539530645 0
1711607682425 1.1651073097108666 0
1711607682426 1.1629229741893585 0
1711607682427 1.1612827896794524 0
1711607682428 1.1596124123354752 0
1711607682429 1.158133075215547 0
1711607682430 1.156655994887052 0
1711607682431 1.1545337720565727 0
1711607682432 1.1532535780613953 0
1711607682433 1.1521243806163401 0
1711607682434 1.1503739475155048 0
1711607682435 1.1493426712090427 0
1711607682436 1.1476351733149737 0
1711607682437 1.1456229063584424 0
1711607682438 1.1439301115861307 0
1711607682439 1.1429456200233772 0
1711607682440 1.1413890247822387 0
1711607682441 1.1405021891659546 0
1711607682442 1.139566944354006 0
1711607682443 1.137246852175077 0
1711607682444 1.1361706199964354 0
1711607682445 1.1352029291601269 0
1711607682445 1.1331637005466269 0
1711607682446 1.1321403636121241 0
1711607682447 1.1309677703363865 0
1711607682448 1.1299842899345036 0
1711607682449 1.1265651457515866 0
1711607682450 1.1247449880578755 0
1711607682451 1.1238299164304957 0
1711607682453 1.1226732455887842 0
