1711607653149 1.8620026761164838 0
1711607653150 1.8240602121747904 0
1711607653152 1.7942147273396476 0
1711607653153 1.7617268513660764 0
1711607653154 1.7351859888348786 0
1711607653156 1.7109611238805638 0
1711607653157 1.6872377302171173 0
1711607653159 1.6642774496297692 0
1711607653161 1.645055292669658 0
1711607653163 1.6292734701487819 0
1711607653165 1.612446916450106 0
1711607653166 1.5991819029721481 0
1711607653168 1.58385950676485 0
1711607653169 1.5708750232945603 0
1711607653171 1.558391964492038 0
1711607653172 1.5465188377584886 0
1711607653174 1.536659720078057 0
1711607653175 1.5265157781516512 0
1711607653177 1.5175697694936952 0
1711607653178 1.5087072966626243 0
1711607653181 1.5005173986681333 0
1711607653183 1.4949884396914508 0
1711607653184 1.4881943623707146 0
1711607653189 1.4819760523189267 0
1711607653190 1.4761771916367994 0
1711607653192 1.4710002411381857 0
1711607653193 1.4657665878892878 0
1711607653195 1.4613864542043615 0
1711607653196 1.4575561495270446 0
1711607653198 1.4534248314017184 0
1711607653199 1.4501305643192457 0
1711607653200 1.4463573960728258 0
1711607653202 1.443295372009112 0
1711607653203 1.439943969622843 0
1711607653205 1.4371696117957296 0
1711607653207 1.4341878386482654 0
1711607653208 1.4315908305528455 0
1711607653209 1.4294736511973327 0
1711607653210 1.427124094254099 0
1711607653212 1.4251642521311232 0
1711607653213 1.4233394204532823 0
1711607653224 1.4213709915754884 0
1711607653226 1.4184083732681263 0
1711607653228 1.4166797421529431 0
1711607653230 1.4145224480514937 0
1711607653231 1.4129781624260511 0
1711607653233 1.4113381231801077 0
1711607653234 1.4097218893169083 0
1711607653235 1.4075197123254324 0
1711607653237 1.406030531243121 0
1711607653238 1.403860925948803 0
1711607653247 1.4023458489661889 0
1711607653248 1.4004865867405707 0
1711607653250 1.3992473895221684 0
1711607653252 1.3975675268687004 0
1711607653253 1.3966146357743092 0
1711607653260 1.3953986255052149 0
1711607653262 1.3943397132099744 0
1711607653264 1.3933245331397734 0
1711607653266 1.392441604014169 0
1711607653268 1.3912124691892849 0
1711607653270 1.3902846539425708 0
1711607653272 1.3894340707193618 0
1711607653274 1.388623642543071 0
1711607653275 1.387233004535693 0
1711607653277 1.3862797375809386 0
1711607653282 1.38568116402076 0
1711607653287 1.3849930833687236 0
1711607653288 1.3841856895878237 0
1711607653290 1.38329209946003 0
1711607653294 1.3827994638043803 0
1711607653296 1.3815195903144468 0
1711607653297 1.3809199233811722 0
1711607653299 1.3799394204373303 0
1711607653300 1.3792979532939513 0
1711607653302 1.3788099159598635 0
1711607653304 1.3781545258584684 0
1711607653305 1.3773418519356941 0
1711607653308 1.3763549948590421 0
1711607653309 1.3752978643259992 0
1711607653311 1.3747000456247696 0
1711607653313 1.3740334170929485 0
1711607653314 1.3734410565656132 0
1711607653316 1.3728673689072879 0
1711607653317 1.3721602489988824 0
1711607653319 1.3716767914166677 0
1711607653321 1.37093948545325 0
1711607653322 1.3705284365179577 0
1711607653324 1.3698946581830485 0
1711607653325 1.3692061310041066 0
1711607653327 1.3687632356504755 0
1711607653328 1.3682516976813175 0
1711607653332 1.3676526471543076 0
1711607653337 1.3672254293113402 0
1711607653344 1.366762974570988 0
1711607653352 1.3661130470841525 0
1711607653354 1.365567697840453 0
1711607653356 1.3648629580579894 0
1711607653360 1.3642569830199005 0
1711607653362 1.3638363922152095 0
