1711607702082 1.82813438481422 0
1711607702083 1.7758584914456759 0
1711607702085 1.723807120179999 0
1711607702086 1.6951302960110954 0
1711607702087 1.669514630297194 0
1711607702088 1.6465226205629995 0
1711607702090 1.6086853672056705 0
1711607702091 1.5798013075807584 0
1711607702092 1.5527791615537148 0
1711607702093 1.5361150775839394 0
1711607702094 1.5240648797364031 0
1711607702096 1.5089766366929849 0
1711607702097 1.493669138028891 0
1711607702098 1.4814503530299667 0
1711607702099 1.471537835124285 0
1711607702100 1.4640789543916508 0
1711607702101 1.4609330249142 0
1711607702103 1.4523524653676272 0
1711607702104 1.4472801656719525 0
1711607702105 1.4404343796949486 0
1711607702106 1.4347502297685066 0
1711607702107 1.4318871071305919 0
1711607702109 1.4287013449671773 0
1711607702110 1.4237088988842326 0
1711607702111 1.419333114977289 0
1711607702112 1.4144220249678867 0
1711607702113 1.4099325575464547 0
1711607702115 1.4065219822775132 0
1711607702116 1.4035046528684403 0
1711607702120 1.4020178959127008 0
1711607702121 1.3982473538234286 0
1711607702123 1.3952506696005547 0
1711607702124 1.392863729548039 0
1711607702125 1.3905959979095879 0
1711607702126 1.3886403421281746 0
1711607702127 1.3873868082361231 0
1711607702128 1.3866790126506614 0
1711607702130 1.3849574776776175 0
1711607702131 1.384222662401628 0
1711607702132 1.3817218316916835 0
1711607702133 1.3800901259395992 0
1711607702134 1.3789845874216649 0
1711607702141 1.3776015509219786 0
1711607702142 1.376200824126215 0
1711607702143 1.3750879818726025 0
1711607702146 1.374175144819407 0
1711607702148 1.3729941267452892 0
1711607702149 1.3717769542697897 0
1711607702150 1.370284229951259 0
1711607702151 1.3693713106817653 0
1711607702153 1.3682501810491168 0
1711607702154 1.3674483238914383 0
1711607702155 1.3667078034730955 0
1711607702157 1.3657456658050522 0
1711607702158 1.3651821532790125 0
1711607702159 1.363330823917312 0
1711607702161 1.3626806513633658 0
1711607702162 1.3616458357808083 0
1711607702163 1.3598881849743936 0
1711607702165 1.359205841508567 0
1711607702166 1.35867218690241 0
1711607702168 1.357899070644915 0
1711607702169 1.3574425964890802 0
1711607702170 1.3567708968964158 0
1711607702172 1.3563677854749054 0
1711607702173 1.3555151703579935 0
1711607702174 1.3548366424729372 0
1711607702176 1.354455758361866 0
1711607702177 1.353330583965572 0
1711607702178 1.352306111708163 0
1711607702180 1.351407975119606 0
1711607702181 1.3509762923783426 0
1711607702183 1.3505401984338752 0
1711607702184 1.3499153952703282 0
1711607702185 1.3493374825007793 0
1711607702186 1.3482295734876455 0
1711607702188 1.3475465871268923 0
1711607702189 1.346761111594687 0
1711607702190 1.3459919300059233 0
1711607702191 1.345617611907632 0
1711607702192 1.3451345158708916 0
1711607702194 1.3448071697383246 0
1711607702195 1.344401294984422 0
1711607702196 1.3440088951259932 0
1711607702197 1.3435595852840645 0
1711607702198 1.3426488632730162 0
1711607702200 1.3412710367223073 0
1711607702201 1.340650840030884 0
1711607702203 1.3401265971940146 0
1711607702204 1.339709973107071 0
1711607702206 1.3393420397583933 0
1711607702207 1.338427443300131 0
1711607702209 1.3378386454137727 0
1711607702210 1.337259341001859 0
1711607702212 1.3371248433319736 0
1711607702213 1.3366928452866467 0
1711607702215 1.3363879375636902 0
1711607702217 1.336053040323483 0
1711607702218 1.3354562837965993 0
1711607702220 1.3347937022810232 0
