1711607642275 1.8894519853322158 0
1711607642277 1.8784115797138867 0
1711607642278 1.8676905761047657 0
1711607642279 1.8574907799381934 0
1711607642280 1.8472864789170123 0
1711607642281 1.8372544919585705 0
1711607642282 1.8271354412067133 0
1711607642283 1.8174904684669395 0
1711607642284 1.8077048967504448 0
1711607642285 1.7986179291102615 0
1711607642286 1.7890959639345727 0
1711607642287 1.7800058334520825 0
1711607642288 1.7711644790744658 0
1711607642289 1.7627707228177738 0
1711607642289 1.7539778825203947 0
1711607642290 1.745298118342975 0
1711607642291 1.7368993097155008 0
1711607642292 1.728449554455792 0
1711607642293 1.720365385833762 0
1711607642294 1.7123660078932283 0
1711607642295 1.7047828627572672 0
1711607642296 1.6970659198544231 0
1711607642297 1.6895116940580306 0
1711607642298 1.682255578635043 0
1711607642299 1.6751664154705121 0
1711607642300 1.668256367463847 0
1711607642301 1.6613068004200495 0
1711607642302 1.6545987200182952 0
1711607642303 1.6481134510908941 0
1711607642303 1.6414557693432985 0
1711607642304 1.6354798095559373 0
1711607642305 1.6292370145289667 0
1711607642306 1.6230027021177125 0
1711607642307 1.6173035586408904 0
1711607642308 1.6114631938791755 0
1711607642309 1.6055914221137908 0
1711607642310 1.5998753923583953 0
1711607642311 1.5941568333254996 0
1711607642312 1.5887140535944617 0
1711607642313 1.583207777578286 0
1711607642314 1.577915579237335 0
1711607642315 1.5726120204649483 0
1711607642316 1.5676933188228794 0
1711607642317 1.5626237567088634 0
1711607642317 1.5578625526180723 0
1711607642318 1.5530516951576252 0
1711607642319 1.5483810629987664 0
1711607642320 1.5436007148684148 0
1711607642321 1.5389872243664706 0
1711607642322 1.5343828899658964 0
1711607642323 1.5299265408516944 0
1711607642324 1.5253027604386553 0
1711607642325 1.5208080630118588 0
1711607642326 1.5165310694488017 0
1711607642327 1.5124988040877276 0
1711607642328 1.5086543002030472 0
1711607642329 1.504336163869961 0
1711607642330 1.499982423570509 0
1711607642331 1.495973342690372 0
1711607642332 1.4919860493644133 0
1711607642332 1.4882357499015197 0
1711607642333 1.4844069637338255 0
1711607642334 1.4808027099685421 0
1711607642335 1.4771353309292596 0
1711607642336 1.4732433967504799 0
1711607642337 1.4695770557067056 0
1711607642338 1.4659917785916046 0
1711607642339 1.4624435168004821 0
1711607642340 1.4592765131050685 0
1711607642341 1.4559212394993315 0
1711607642342 1.4525864239486803 0
1711607642343 1.4494837963755407 0
1711607642344 1.4465141012652307 0
1711607642345 1.443314395755713 0
1711607642346 1.440377920048478 0
1711607642347 1.4372096504821705 0
1711607642348 1.4343585665471597 0
1711607642349 1.4314680271390428 0
1711607642350 1.428501289377173 0
1711607642351 1.4256146753623868 0
1711607642352 1.4230522168316764 0
1711607642353 1.4203162505000433 0
1711607642354 1.4175316937231932 0
1711607642355 1.4148117894903733 0
1711607642356 1.412158715890528 0
1711607642357 1.4094704281318822 0
1711607642358 1.406926672873249 0
1711607642359 1.404293924404777 0
1711607642360 1.4018562619438817 0
1711607642361 1.399201764863974 0
1711607642362 1.3965784644272279 0
1711607642363 1.3942885694378988 0
1711607642364 1.391977619549123 0
1711607642365 1.3897516521816433 0
1711607642365 1.3876181100477298 0
1711607642366 1.3855474641856549 0
1711607642367 1.3834190920083163 0
1711607642368 1.3814140780728321 0
1711607642369 1.3794023263051745 0
1711607642370 1.3772293951356451 0
