1711607636207 1.8891041542086613 0
1711607636208 1.8776677920180882 0
1711607636209 1.8664149620361383 0
1711607636210 1.8555797771075404 0
1711607636212 1.8449595816146396 0
1711607636213 1.8345502105370595 0
1711607636214 1.8243472508423657 0
1711607636214 1.8143468227525825 0
1711607636215 1.8045446825893439 0
1711607636216 1.794936829702683 0
1711607636217 1.7855192237001922 0
1711607636218 1.776288249106247 0
1711607636219 1.7672400400939443 0
1711607636220 1.7583711244626987 0
1711607636221 1.749699076385997 0
1711607636222 1.741198796300139 0
1711607636223 1.7328437292053087 0
1711607636224 1.724677280241261 0
1711607636225 1.7166604959793854 0
1711607636226 1.7088116342645503 0
1711607636227 1.7010956777502801 0
1711607636228 1.6936168254600465 0
1711607636228 1.6857794102138466 0
1711607636229 1.678593488197539 0
1711607636230 1.6710290546528264 0
1711607636231 1.6641273883919028 0
1711607636232 1.6572861541944002 0
1711607636233 1.6501377194381406 0
1711607636234 1.6436042470580055 0
1711607636235 1.6371714863989706 0
1711607636236 1.6304000487134622 0
1711607636237 1.624257470333592 0
1711607636238 1.6181521470081113 0
1711607636239 1.6117127012344064 0
1711607636240 1.6059581473736158 0
1711607636241 1.5997477617889413 0
1711607636242 1.594181913935561 0
1711607636243 1.5882203536614754 0
1711607636243 1.5828371097286866 0
1711607636244 1.5770597046752564 0
1711607636245 1.5718718175029027 0
1711607636246 1.5662975935436374 0
1711607636247 1.5613023523403258 0
1711607636248 1.5559285277014185 0
1711607636249 1.5506515276541182 0
1711607636250 1.545912330091463 0
1711607636251 1.5408455525645222 0
1711607636252 1.536285940968987 0
1711607636253 1.531375530549963 0
1711607636254 1.5269756535765826 0
1711607636255 1.5222306857110395 0
1711607636256 1.5179912698844304 0
1711607636257 1.5137448385108865 0
1711607636258 1.5096552830098606 0
1711607636259 1.5052173828751705 0
1711607636260 1.5011115408258964 0
1711607636261 1.4971599654071712 0
1711607636262 1.4932217629210607 0
1711607636263 1.4890682643105155 0
1711607636264 1.4852433986420082 0
1711607636265 1.481609595216435 0
1711607636266 1.4779149686210529 0
1711607636266 1.4744076058311566 0
1711607636267 1.470892994290732 0
1711607636268 1.4673868304254085 0
1711607636269 1.4636588633141023 0
1711607636270 1.4603164340267927 0
1711607636271 1.4570548368746368 0
1711607636272 1.4537515030301082 0
1711607636273 1.4506058525771168 0
1711607636274 1.4474550380097007 0
1711607636275 1.4443406385497493 0
1711607636276 1.4410046344644392 0
1711607636277 1.4380274777071744 0
1711607636278 1.4350811354070145 0
1711607636279 1.4322027369757246 0
1711607636280 1.4293050158913572 0
1711607636281 1.4265095892051989 0
1711607636282 1.4237426566108575 0
1711607636283 1.420749084771578 0
1711607636284 1.4181214111695273 0
1711607636285 1.4155515247856068 0
1711607636286 1.413035571900119 0
1711607636287 1.4105604948583585 0
1711607636288 1.407780185759673 0
1711607636289 1.4053510507997915 0
1711607636290 1.4029099322464058 0
1711607636291 1.4002048087361927 0
1711607636291 1.3978656277046757 0
1711607636292 1.3952676199602658 0
1711607636293 1.3930229711182567 0
1711607636294 1.390792904809025 0
1711607636295 1.388603582838982 0
1711607636296 1.3864041515989083 0
1711607636297 1.384297749796509 0
1711607636298 1.382151335790695 0
1711607636299 1.3800146468294874 0
1711607636300 1.378031392005434 0
1711607636301 1.3759683877156694 0
1711607636302 1.3740506127211178 0
