1711607664574 1.8538919234125 0
1711607664576 1.813717517049012 0
1711607664577 1.7759073880819887 0
1711607664579 1.741395831442941 0
1711607664581 1.7097642533104307 0
1711607664582 1.6822028746559066 0
1711607664583 1.6554353885155404 0
1711607664584 1.6309392123969624 0
1711607664585 1.6088173476083563 0
1711607664586 1.5892954550277172 0
1711607664587 1.5727998213407208 0
1711607664588 1.555637819599626 0
1711607664588 1.5404185989522203 0
1711607664589 1.5264907536177905 0
1711607664590 1.51357555899075 0
1711607664591 1.501039275591246 0
1711607664592 1.490120906707777 0
1711607664593 1.4797275681270516 0
1711607664594 1.470915853936706 0
1711607664595 1.4618560843814208 0
1711607664596 1.4541665446639287 0
1711607664597 1.4468539055438572 0
1711607664598 1.439826755015188 0
1711607664599 1.4340805747156218 0
1711607664600 1.4281102138131494 0
1711607664601 1.4222417243182617 0
1711607664602 1.417308479661154 0
1711607664603 1.4129565146858123 0
1711607664604 1.4087754180862317 0
1711607664605 1.4035266976329852 0
1711607664606 1.3992153198315858 0
1711607664607 1.3957954532343495 0
1711607664608 1.392810147201933 0
1711607664609 1.3895449187604945 0
1711607664609 1.3863869909101842 0
1711607664610 1.3837816474224842 0
1711607664611 1.381092185081054 0
1711607664612 1.378776115046005 0
1711607664613 1.3764822649153665 0
1711607664614 1.3743505322119496 0
1711607664615 1.3717435647239768 0
1711607664616 1.3696958124913305 0
1711607664617 1.3680031646240325 0
1711607664618 1.3655909884588397 0
1711607664619 1.3639102750988503 0
1711607664620 1.3620528614561176 0
1711607664621 1.3598725671306509 0
1711607664622 1.3583383578791335 0
1711607664623 1.3563701008009692 0
1711607664624 1.3551742824778792 0
1711607664624 1.353565117653307 0
1711607664625 1.3521023840567732 0
1711607664626 1.350601943641517 0
1711607664627 1.3494083628626756 0
1711607664628 1.3483671590616266 0
1711607664629 1.3474200680073407 0
1711607664630 1.3462160895382405 0
1711607664631 1.3451321248885155 0
1711607664632 1.3430130016476585 0
1711607664633 1.3416358348567665 0
1711607664634 1.340546939614257 0
1711607664635 1.3395488837085128 0
1711607664636 1.3381337259113892 0
1711607664637 1.337161992301554 0
1711607664638 1.3360780048858742 0
1711607664639 1.334077450062734 0
1711607664640 1.3333353266322114 0
1711607664641 1.3322909187513512 0
1711607664643 1.3316087433180124 0
1711607664644 1.330413524176524 0
1711607664645 1.3294264805828058 0
1711607664645 1.3286120245119488 0
1711607664646 1.3274969273993311 0
1711607664647 1.3265770761856122 0
1711607664648 1.3254088788033704 0
1711607664649 1.3245461658819049 0
1711607664650 1.3233197395211516 0
1711607664651 1.3222994704347988 0
1711607664653 1.3214565688536972 0
1711607664654 1.3205151676486888 0
1711607664655 1.3192501524793088 0
1711607664656 1.318554493754481 0
1711607664657 1.3179634325808005 0
1711607664658 1.3168648164431989 0
1711607664659 1.3161147119965557 0
1711607664660 1.315234719462948 0
1711607664660 1.3145181489688262 0
1711607664661 1.3139127121573069 0
1711607664662 1.3133781578731032 0
1711607664663 1.3127259488583485 0
1711607664664 1.3121629007240967 0
1711607664665 1.3112858538015375 0
1711607664666 1.3107813698563684 0
1711607664667 1.3098677186067933 0
1711607664668 1.309357715625703 0
1711607664669 1.3089450611810576 0
1711607664670 1.3083834546593307 0
1711607664671 1.3076846379588412 0
1711607664672 1.3070979423075428 0
1711607664673 1.306143744819067 0
