1711607645260 1.890227961933295 0
1711607645261 1.8793221648962397 0
1711607645262 1.869514958151138 0
1711607645264 1.8605053390317912 0
1711607645265 1.8506432294449295 0
1711607645266 1.8407969520895107 0
1711607645267 1.831681919810921 0
1711607645269 1.8227594293133096 0
1711607645270 1.8147430669924334 0
1711607645271 1.8060961360265406 0
1711607645272 1.7970609986172523 0
1711607645273 1.7900798389837111 0
1711607645274 1.7814393035132983 0
1711607645275 1.7730700926909255 0
1711607645276 1.7649358835447144 0
1711607645277 1.756665962631474 0
1711607645277 1.7483782879132261 0
1711607645278 1.7404292615093107 0
1711607645279 1.7327379529209084 0
1711607645280 1.7263667999021401 0
1711607645281 1.7192291351812186 0
1711607645282 1.7129108870883452 0
1711607645283 1.7055198213708695 0
1711607645284 1.6984358831753994 0
1711607645285 1.691552527807989 0
1711607645286 1.6847234744218091 0
1711607645287 1.677745990557003 0
1711607645288 1.6711371032760025 0
1711607645289 1.6651599064520182 0
1711607645290 1.6587466963690884 0
1711607645291 1.653026527285011 0
1711607645292 1.6469245255548401 0
1711607645293 1.6409870061608025 0
1711607645294 1.6348132440921888 0
1711607645294 1.628714967574659 0
1711607645295 1.622700691052889 0
1711607645296 1.6173142612795461 0
1711607645297 1.6116994653944605 0
1711607645298 1.6065268750191128 0
1711607645299 1.6012820364490787 0
1711607645300 1.5961317816052698 0
1711607645301 1.5913902881344808 0
1711607645302 1.5863680423752617 0
1711607645303 1.5817108684381616 0
1711607645304 1.5767477869532678 0
1711607645305 1.5721036408495088 0
1711607645306 1.5672222495845696 0
1711607645307 1.562778598480617 0
1711607645308 1.558441019981741 0
1711607645309 1.5539607022677888 0
1711607645310 1.5493187405007924 0
1711607645311 1.5449728640988771 0
1711607645311 1.5406638178286298 0
1711607645312 1.536447696517501 0
1711607645313 1.5321851196575271 0
1711607645314 1.5281744155852641 0
1711607645315 1.5240255471740505 0
1711607645316 1.5202879499360573 0
1711607645317 1.5163210851195585 0
1711607645318 1.5123615255807972 0
1711607645319 1.5090247145259539 0
1711607645320 1.5051651256566396 0
1711607645321 1.5013934091348318 0
1711607645322 1.4976135851076007 0
1711607645323 1.49392156341933 0
1711607645324 1.4903582291850321 0
1711607645325 1.486819078786228 0
1711607645326 1.4832639452461522 0
1711607645327 1.4801288901032412 0
1711607645328 1.4767964306318988 0
1711607645329 1.4736834335532825 0
1711607645330 1.4703298059428478 0
1711607645331 1.467215538178659 0
1711607645332 1.4641694467047344 0
1711607645333 1.461005524720083 0
1711607645334 1.457987271302875 0
1711607645335 1.4550696065915039 0
1711607645336 1.4521854242992565 0
1711607645337 1.4493105144683769 0
1711607645338 1.446174079062754 0
1711607645338 1.443171963172365 0
1711607645339 1.4403042715597583 0
1711607645340 1.4372887334404794 0
1711607645341 1.4349412844076512 0
1711607645342 1.4323485819719741 0
1711607645343 1.4297842094885418 0
1711607645344 1.4272126050645642 0
1711607645345 1.4245545230406738 0
1711607645346 1.4218563077200235 0
1711607645347 1.4195105277795477 0
1711607645348 1.417041762221136 0
1711607645349 1.4146799055194321 0
1711607645350 1.4121213826061507 0
1711607645351 1.4098340079568548 0
1711607645352 1.4076015158863726 0
1711607645353 1.4055432210358918 0
1711607645355 1.4033277452869852 0
1711607645356 1.4011181782657016 0
1711607645356 1.3988563865733263 0
1711607645357 1.397083758054249 0
