1711607630209 1.8902809077356508 0
1711607630211 1.880840245217133 0
1711607630212 1.8711123916776222 0
1711607630213 1.8613673393099042 0
1711607630214 1.8518370291826214 0
1711607630215 1.8425918457040378 0
1711607630216 1.8334502864714861 0
1711607630217 1.8244941483070836 0
1711607630218 1.8159039062362392 0
1711607630219 1.8071826796865658 0
1711607630220 1.7986543047282322 0
1711607630221 1.790366725663557 0
1711607630222 1.7819200992324913 0
1711607630223 1.774031978472748 0
1711607630224 1.765937527707443 0
1711607630225 1.75833041864857 0
1711607630226 1.7511837392348903 0
1711607630228 1.7434531037171304 0
1711607630229 1.7357908687400865 0
1711607630230 1.7287320624858438 0
1711607630231 1.7219482003978726 0
1711607630232 1.7149483670093872 0
1711607630233 1.7079899856958813 0
1711607630234 1.7017220342740327 0
1711607630235 1.6951758097067333 0
1711607630236 1.688524341817749 0
1711607630237 1.682024818855186 0
1711607630238 1.6759532210192534 0
1711607630239 1.669739657578759 0
1711607630240 1.6637737289700332 0
1711607630241 1.6576650632155294 0
1711607630242 1.6516412628005797 0
1711607630243 1.6459511387066783 0
1711607630244 1.6404502856477032 0
1711607630245 1.634890934213656 0
1711607630246 1.6297011944706559 0
1711607630247 1.624432417987296 0
1711607630248 1.6192681536288402 0
1711607630249 1.614304155867565 0
1711607630250 1.6090993313353648 0
1711607630251 1.60428203274444 0
1711607630252 1.5995631951170581 0
1711607630253 1.5949352066151399 0
1711607630254 1.5903705428280845 0
1711607630255 1.5859932490700759 0
1711607630256 1.5813991128143898 0
1711607630257 1.5768712093616675 0
1711607630258 1.5726461760845738 0
1711607630259 1.5684408557266027 0
1711607630260 1.5642710775947242 0
1711607630261 1.5602365410922112 0
1711607630262 1.556695178894164 0
1711607630263 1.5528295092225792 0
1711607630264 1.5490348461754175 0
1711607630265 1.5450938678786303 0
1711607630266 1.5412832099006868 0
1711607630267 1.5377982595363497 0
1711607630268 1.534135570543674 0
1711607630269 1.530635131678687 0
1711607630270 1.527256437528191 0
1711607630271 1.5237910889196447 0
1711607630272 1.5202335074486275 0
1711607630273 1.5169422849044325 0
1711607630274 1.5136171718115685 0
1711607630275 1.510226783097933 0
1711607630276 1.5071692280540476 0
1711607630277 1.504106077897405 0
1711607630279 1.5010483283181038 0
1711607630280 1.4981799631474217 0
1711607630281 1.495225356766639 0
1711607630282 1.4923477913798675 0
1711607630283 1.4894370674568358 0
1711607630284 1.4866322146243665 0
1711607630285 1.4839034698692903 0
1711607630286 1.481326074968739 0
1711607630287 1.478459706937801 0
1711607630288 1.4757940132150669 0
1711607630289 1.473051014416941 0
1711607630290 1.4704791496255745 0
1711607630291 1.4679793185854915 0
1711607630292 1.4654585339695905 0
1711607630294 1.462902431790987 0
1711607630295 1.460542301526644 0
1711607630296 1.4582183395190373 0
1711607630297 1.4559298674145977 0
1711607630298 1.4535547599156338 0
1711607630299 1.4511587628964329 0
1711607630300 1.4489212196289136 0
1711607630301 1.4467518284605816 0
1711607630303 1.4448046919923085 0
1711607630304 1.4426953145104795 0
1711607630305 1.4405827095589276 0
1711607630306 1.438587666233723 0
1711607630307 1.4365860300421045 0
1711607630308 1.434590841850082 0
1711607630309 1.4325044022377038 0
1711607630310 1.4307740790831014 0
1711607630311 1.4288560577841665 0
1711607630312 1.4270721527659973 0
1711607630313 1.4252276959396708 0
