1711607705067 1.8091906867276366 0
1711607705068 1.735098076665865 0
1711607705070 1.6730759973489844 0
1711607705071 1.6230874411804141 0
1711607705072 1.5808868624316097 0
1711607705073 1.5456402968787926 0
1711607705075 1.517253290000668 0
1711607705076 1.4933719595805348 0
1711607705077 1.473323790851803 0
1711607705079 1.4556832494772098 0
1711607705080 1.4419587080152139 0
1711607705081 1.4296618570980428 0
1711607705082 1.4190344501325038 0
1711607705083 1.4101747927619508 0
1711607705085 1.3987324995208161 0
1711607705086 1.3920915756086094 0
1711607705087 1.385761717940567 0
1711607705088 1.380784291464924 0
1711607705089 1.3734904122709841 0
1711607705090 1.3691596093307628 0
1711607705092 1.3653287159110727 0
1711607705093 1.3613101526223892 0
1711607705094 1.3553286840640693 0
1711607705095 1.352164661598669 0
1711607705096 1.348607198065378 0
1711607705097 1.3449820358766775 0
1711607705099 1.3424086774397113 0
1711607705100 1.3400707392666507 0
1711607705101 1.3380629335485692 0
1711607705102 1.3356873713433413 0
1711607705104 1.3325100360004534 0
1711607705105 1.330722795009128 0
1711607705106 1.328338105050618 0
1711607705107 1.3261603967368183 0
1711607705108 1.3248523689442835 0
1711607705110 1.3231664248623078 0
1711607705111 1.3213386642464309 0
1711607705112 1.3201589984898903 0
1711607705113 1.3178389690000356 0
1711607705114 1.3164823419467815 0
1711607705115 1.3150374937905671 0
1711607705116 1.3139221432155963 0
1711607705118 1.3123774399322925 0
1711607705119 1.3113950725729033 0
1711607705120 1.308957286615256 0
1711607705121 1.3076913839329298 0
1711607705122 1.305786844830604 0
1711607705123 1.304728296175947 0
1711607705125 1.3038715029497987 0
1711607705126 1.3030085245492897 0
1711607705127 1.3022266096940414 0
1711607705128 1.3016488833121689 0
1711607705129 1.2985295550775515 0
1711607705130 1.2966226894421347 0
1711607705131 1.2960457955452798 0
1711607705133 1.2935197391374713 0
1711607705134 1.292272558826135 0
1711607705135 1.2918144085816976 0
1711607705136 1.290726750336414 0
1711607705138 1.2899908794474348 0
1711607705139 1.287899462033139 0
1711607705140 1.2870933747030084 0
1711607705142 1.28641465913709 0
1711607705143 1.2856503184935029 0
1711607705144 1.2844762909364218 0
1711607705145 1.2825915500189413 0
1711607705146 1.2820912832386238 0
1711607705148 1.2806062181958033 0
1711607705149 1.2803018734992657 0
1711607705150 1.2796182214976568 0
1711607705151 1.2789947222379487 0
1711607705152 1.2785188195128203 0
1711607705154 1.278037191672184 0
1711607705155 1.276676569584408 0
1711607705156 1.2760880918630197 0
1711607705157 1.2751729604657207 0
1711607705158 1.2744949900219553 0
1711607705160 1.2714695794519928 0
1711607705161 1.2691563784948094 0
1711607705162 1.268035062445513 0
1711607705163 1.2674422021376759 0
1711607705164 1.2669617831297628 0
1711607705165 1.2647041616492174 0
1711607705167 1.2640207042386753 0
1711607705168 1.2621571296330711 0
1711607705169 1.2597065766146944 0
1711607705170 1.2585555168433837 0
1711607705172 1.2578488620912585 0
1711607705173 1.257306644786741 0
1711607705174 1.2566693244243494 0
1711607705175 1.2563876776133975 0
1711607705176 1.2558815319519665 0
1711607705177 1.2552771786357362 0
1711607705178 1.2537576405610362 0
1711607705180 1.2516619245755711 0
1711607705181 1.2505199693019065 0
1711607705182 1.2492551723350322 0
1711607705183 1.2485540642511845 0
1711607705184 1.2460953698741715 0
1711607705185 1.245540161774465 0
