1711607618612 1.8913661278066893 0
1711607618613 1.8821146435526834 0
1711607618615 1.8734129335575307 0
1711607618616 1.8645000491581598 0
1711607618617 1.8557081113546083 0
1711607618618 1.8471619437322355 0
1711607618619 1.8388369531978686 0
1711607618620 1.830476129585814 0
1711607618621 1.82250251171734 0
1711607618622 1.8145866960903427 0
1711607618623 1.8067127454219585 0
1711607618624 1.7991775549977753 0
1711607618625 1.7915791606854903 0
1711607618626 1.7846041724902828 0
1711607618627 1.7772628230619099 0
1711607618628 1.7704349247779274 0
1711607618629 1.7633152337010818 0
1711607618630 1.7565539758531226 0
1711607618631 1.7496923152074004 0
1711607618632 1.7433030360903579 0
1711607618633 1.7379146159403713 0
1711607618634 1.7315119531800727 0
1711607618635 1.7252601220500938 0
1711607618636 1.7191396490797386 0
1711607618637 1.7130118667588425 0
1711607618638 1.7070150370082802 0
1711607618639 1.7011389467660845 0
1711607618640 1.6954117154918524 0
1711607618641 1.6898469057126202 0
1711607618642 1.6843864888341231 0
1711607618643 1.6790720110790383 0
1711607618644 1.6738139438734068 0
1711607618645 1.668532786153126 0
1711607618646 1.6633202766134463 0
1711607618647 1.6583882803363883 0
1711607618648 1.6535574725058033 0
1711607618650 1.648745321943263 0
1711607618652 1.6440146081996176 0
1711607618655 1.6393075355145792 0
1711607618656 1.6345761275398116 0
1711607618657 1.6301209341585818 0
1711607618658 1.6256254481300114 0
1711607618659 1.621386288165001 0
1711607618660 1.6170639148047463 0
1711607618661 1.6130921203823463 0
1711607618662 1.608872253876784 0
1711607618663 1.604772384372984 0
1711607618664 1.6009724398690914 0
1711607618665 1.597814937186084 0
1711607618666 1.5939163178869615 0
1711607618667 1.590146092094964 0
1711607618668 1.5865473904641474 0
1711607618669 1.5827973037294658 0
1711607618670 1.5791430537386322 0
1711607618671 1.575571553771144 0
1711607618673 1.571999513173735 0
1711607618674 1.5686146015579243 0
1711607618675 1.565360291189896 0
1711607618676 1.5621277574258157 0
1711607618677 1.5590063345243923 0
1711607618678 1.555873843032117 0
1711607618679 1.5526376974433156 0
1711607618680 1.5495195647500866 0
1711607618682 1.546473040215561 0
1711607618683 1.543502471521387 0
1711607618684 1.5407412942553727 0
1711607618685 1.5379589385655315 0
1711607618686 1.5351289704055155 0
1711607618687 1.5324357360564862 0
1711607618688 1.5297781006984623 0
1711607618689 1.5270016285486243 0
1711607618690 1.5243371541105248 0
1711607618691 1.521685458770763 0
1711607618692 1.519290350628265 0
1711607618693 1.5167053735423628 0
1711607618694 1.514305258662782 0
1711607618695 1.5117715355389192 0
1711607618696 1.5093827887671423 0
1711607618697 1.5070292392578735 0
1711607618698 1.504624134541067 0
1711607618699 1.5023203712489064 0
1711607618700 1.500120017292716 0
1711607618701 1.4979513830804447 0
1711607618702 1.495825587449083 0
1711607618703 1.4937256452728482 0
1711607618704 1.4916254442996686 0
1711607618705 1.4895269091020478 0
1711607618706 1.487513175618497 0
1711607618707 1.4855212401848377 0
1711607618708 1.483740273688428 0
1711607618709 1.4818674076120457 0
1711607618710 1.4799721780100132 0
1711607618711 1.478055511679807 0
1711607618712 1.4762578350364872 0
1711607618713 1.4744368004901276 0
1711607618714 1.4726889570520543 0
1711607618715 1.4708780108037731 0
1711607618716 1.4691126292859185 0
1711607618717 1.4673686240303427 0
1711607618718 1.4656452958071997 0
