1711607621245 1.8932334441092897 0
1711607621246 1.8851754061269967 0
1711607621247 1.8772368324004398 0
1711607621249 1.8710728005381727 0
1711607621250 1.862828327456272 0
1711607621251 1.8549449926933093 0
1711607621251 1.8472843637710148 0
1711607621252 1.839305864192563 0
1711607621253 1.8320015947891675 0
1711607621254 1.8249461138291951 0
1711607621255 1.8190329461956916 0
1711607621256 1.8132162397388336 0
1711607621257 1.805336647243283 0
1711607621258 1.798042388212006 0
1711607621259 1.7943550801831094 0
1711607621260 1.7881930120225356 0
1711607621260 1.7813884249996699 0
1711607621261 1.7744611688872403 0
1711607621262 1.7680457622326307 0
1711607621263 1.761431482893077 0
1711607621264 1.7566107922057814 0
1711607621265 1.7504780510650353 0
1711607621266 1.7444773232996185 0
1711607621266 1.7383042925620518 0
1711607621267 1.734498811388174 0
1711607621268 1.72954973364997 0
1711607621269 1.723719149531316 0
1711607621270 1.7181272945649317 0
1711607621271 1.7122854121066058 0
1711607621272 1.7068995346758524 0
1711607621273 1.70154919929468 0
1711607621273 1.6966965873734938 0
1711607621274 1.6914457344101776 0
1711607621275 1.6864066212767028 0
1711607621276 1.681568695705462 0
1711607621277 1.677262399101747 0
1711607621278 1.6721901349434205 0
1711607621279 1.6689221002031809 0
1711607621280 1.6642931767056877 0
1711607621281 1.6595011945638456 0
1711607621281 1.6549000750129383 0
1711607621282 1.650486289422612 0
1711607621283 1.646140351619836 0
1711607621284 1.6418846427437535 0
1711607621285 1.6376034049860495 0
1711607621286 1.6331381039738946 0
1711607621287 1.6287931665880824 0
1711607621287 1.624652212854109 0
1711607621288 1.6203977841779986 0
1711607621289 1.6165618526491141 0
1711607621290 1.6127158200359493 0
1711607621291 1.6093718749570225 0
1711607621292 1.605341556384605 0
1711607621293 1.6017369745885117 0
1711607621294 1.5980124852366016 0
1711607621294 1.594174503880669 0
1711607621295 1.5903924209879323 0
1711607621296 1.5871509276655804 0
1711607621297 1.5835771149197369 0
1711607621298 1.5801541072196628 0
1711607621299 1.5770641625834065 0
1711607621300 1.5740947830466459 0
1711607621301 1.5718123950806484 0
1711607621301 1.5687661284212948 0
1711607621302 1.5657962216187389 0
1711607621303 1.5626064387727425 0
1711607621304 1.5598486594965646 0
1711607621305 1.5571610708610923 0
1711607621306 1.5541266642712153 0
1711607621307 1.551132258035129 0
1711607621307 1.5480423255944609 0
1711607621308 1.5458171684573374 0
1711607621309 1.5431086811060921 0
1711607621310 1.5404511577718227 0
1711607621311 1.5384276423559056 0
1711607621312 1.5360917413802047 0
1711607621313 1.5338546394958634 0
1711607621314 1.5312148029918424 0
1711607621315 1.5286953298553478 0
1711607621315 1.5262393430628163 0
1711607621316 1.5240713983889163 0
1711607621317 1.5215529731229371 0
1711607621318 1.5191562210949547 0
1711607621319 1.5166736446733842 0
1711607621320 1.5142729280277705 0
1711607621320 1.5120711648571703 0
1711607621321 1.509950912418347 0
1711607621322 1.5077748398850785 0
1711607621323 1.5055490294889626 0
1711607621324 1.5034635113786423 0
1711607621325 1.5021859073278048 0
1711607621326 1.500264084781289 0
1711607621326 1.4983120681980902 0
1711607621327 1.496446949949897 0
1711607621328 1.4946849559098332 0
1711607621329 1.4927754407609082 0
1711607621330 1.490691517190014 0
1711607621331 1.48872440929701 0
1711607621332 1.4867796447183343 0
1711607621332 1.485039977190111 0
