1711607699418 1.8275454463851013 0
1711607699421 1.7876699277266817 0
1711607699423 1.731209986943324 0
1711607699424 1.6800724379508298 0
1711607699425 1.641867311903523 0
1711607699427 1.61846357811936 0
1711607699428 1.5863923227086263 0
1711607699430 1.5593725240689575 0
1711607699432 1.534898418460722 0
1711607699434 1.5164024654827457 0
1711607699436 1.502558313662784 0
1711607699438 1.4884590208956485 0
1711607699440 1.4772274296549899 0
1711607699441 1.4665627543926316 0
1711607699443 1.4576444687402694 0
1711607699445 1.4489046827218581 0
1711607699447 1.4424974753214663 0
1711607699449 1.4353765545197723 0
1711607699450 1.4295095457417133 0
1711607699451 1.4253507077136278 0
1711607699453 1.420863473188686 0
1711607699454 1.416496695595534 0
1711607699455 1.4130433422121387 0
1711607699456 1.4101120107695144 0
1711607699457 1.4052529162900655 0
1711607699458 1.4025404024614958 0
1711607699459 1.4004006622752052 0
1711607699460 1.3985950062933201 0
1711607699461 1.3954233393944988 0
1711607699462 1.3938636967462494 0
1711607699463 1.392390457255672 0
1711607699464 1.390667905127223 0
1711607699465 1.3890001736456905 0
1711607699466 1.3872993162518052 0
1711607699467 1.3845694757596512 0
1711607699468 1.3827894105726772 0
1711607699470 1.3812507045439526 0
1711607699471 1.3799930146284707 0
1711607699472 1.3788641829285337 0
1711607699475 1.3775822305388534 0
1711607699476 1.3757731533615796 0
1711607699477 1.3745974631917335 0
1711607699480 1.3734544922362015 0
1711607699482 1.3724761754593777 0
1711607699483 1.37157682105834 0
1711607699485 1.3706612264594036 0
1711607699488 1.3696683826007412 0
1711607699490 1.3690223360921172 0
1711607699492 1.3677349860660821 0
1711607699493 1.3667507779410013 0
1711607699494 1.3660733168686072 0
1711607699495 1.3654315215822088 0
1711607699496 1.3646744107566617 0
1711607699497 1.3639590093875644 0
1711607699498 1.362975864375539 0
1711607699499 1.3608045398019226 0
1711607699500 1.3602289231927764 0
1711607699501 1.3597443083855671 0
1711607699502 1.3593126568449991 0
1711607699503 1.3581456182819736 0
1711607699504 1.3574465296312406 0
1711607699505 1.3567408374139192 0
1711607699506 1.3561341544550864 0
1711607699507 1.3556796278801584 0
1711607699508 1.3551168855469684 0
1711607699509 1.3544058766589826 0
1711607699510 1.3537784277614033 0
1711607699511 1.3533891497946224 0
1711607699512 1.3527376138374354 0
1711607699513 1.352286927260707 0
1711607699514 1.3514887250440688 0
1711607699515 1.350749661866124 0
1711607699516 1.3501367635527597 0
1711607699517 1.3495819785197853 0
1711607699518 1.3490996666564619 0
1711607699519 1.3474435703083627 0
1711607699520 1.347034673462906 0
1711607699521 1.3462613662664222 0
1711607699522 1.34530963357132 0
1711607699523 1.3443079497533148 0
1711607699524 1.3439148788317052 0
1711607699525 1.3432874155889036 0
1711607699526 1.342893829836503 0
1711607699527 1.3423030654713373 0
1711607699528 1.3417580596573722 0
1711607699529 1.3414352453838263 0
1711607699530 1.3409859192375273 0
1711607699531 1.340546180378522 0
1711607699532 1.3401216992423655 0
1711607699533 1.3397264851063253 0
1711607699534 1.3393245096244961 0
1711607699535 1.338974640788561 0
1711607699536 1.3386139164381532 0
1711607699536 1.3379019381138653 0
1711607699537 1.3369086149312113 0
1711607699538 1.336383943799455 0
1711607699539 1.3355661122433522 0
1711607699540 1.334904707619762 0
1711607699541 1.3339576724641935 0
1711607699542 1.3330654117961553 0
