1711607647885 1.8590497442548004 0
1711607647886 1.8211944220590544 0
1711607647887 1.7871012847269827 0
1711607647888 1.7561667278221964 0
1711607647889 1.7282169186588288 0
1711607647891 1.702757740508539 0
1711607647891 1.679489956329723 0
1711607647892 1.6582909332466906 0
1711607647893 1.6389125104143838 0
1711607647894 1.6211803471142041 0
1711607647895 1.6050004765420414 0
1711607647896 1.589594743305679 0
1711607647897 1.5756910690598613 0
1711607647898 1.5629060234247287 0
1711607647899 1.5512665832825054 0
1711607647900 1.5404980055081852 0
1711607647901 1.5305754752453928 0
1711607647902 1.521547646717719 0
1711607647903 1.513175849641961 0
1711607647904 1.5055929450956544 0
1711607647905 1.498285552384452 0
1711607647906 1.491792642651768 0
1711607647907 1.4855974180683338 0
1711607647907 1.4799106617159044 0
1711607647908 1.474966749791272 0
1711607647909 1.4698854704687114 0
1711607647910 1.4657151333203358 0
1711607647911 1.4617260831330812 0
1711607647912 1.4576352552351 0
1711607647913 1.4543250000806576 0
1711607647914 1.449905123706255 0
1711607647915 1.4459161852783566 0
1711607647916 1.4429604967814755 0
1711607647917 1.4397068031427271 0
1711607647918 1.4366800809841416 0
1711607647919 1.433943620082318 0
1711607647920 1.4316007854656834 0
1711607647921 1.4290139489593743 0
1711607647922 1.4255962509675628 0
1711607647922 1.4234314735904046 0
1711607647924 1.4209512849410664 0
1711607647924 1.4191160454988894 0
1711607647925 1.4168427785169193 0
1711607647926 1.415276495582431 0
1711607647927 1.4133712783743981 0
1711607647928 1.4107881414304206 0
1711607647929 1.4094644984475226 0
1711607647930 1.4078305210560726 0
1711607647931 1.4055946668903747 0
1711607647932 1.404282350423342 0
1711607647933 1.4023407614264456 0
1711607647934 1.4012392124452286 0
1711607647935 1.4001172213705595 0
1711607647936 1.3988911348249038 0
1711607647937 1.3976485845987263 0
1711607647938 1.395982000162137 0
1711607647939 1.3950812741364444 0
1711607647939 1.3935846733346742 0
1711607647940 1.3925262980440085 0
1711607647941 1.3917718972257225 0
1711607647942 1.390394286553618 0
1711607647943 1.3894757388044452 0
1711607647944 1.3887025224363767 0
1711607647945 1.3876050599384235 0
1711607647946 1.3869975101499554 0
1711607647947 1.3862430812923883 0
1711607647948 1.3852555664250417 0
1711607647949 1.384633619539236 0
1711607647950 1.3838999569650021 0
1711607647951 1.3828879658866167 0
1711607647952 1.3818348167774206 0
1711607647953 1.3812873204275784 0
1711607647953 1.3806282115361368 0
1711607647955 1.379655938611609 0
1711607647956 1.3789850502008714 0
1711607647957 1.3785450170454467 0
1711607647958 1.3776347717208806 0
1711607647959 1.3770042969091643 0
1711607647960 1.3762637888791638 0
1711607647961 1.3753471645143176 0
1711607647962 1.374680914711911 0
1711607647963 1.3739734025402648 0
1711607647964 1.3731777060254535 0
1711607647965 1.3720450494506202 0
1711607647966 1.3714946012837674 0
1711607647967 1.370773878762596 0
1711607647968 1.370194055927403 0
1711607647969 1.3696839662600346 0
1711607647970 1.369318351439346 0
1711607647971 1.3686580517513005 0
1711607647972 1.3680240900500633 0
1711607647973 1.3676203035749994 0
1711607647973 1.3671423554754896 0
1711607647974 1.3665527500004293 0
1711607647975 1.3661197979758664 0
1711607647976 1.3652910887660965 0
1711607647977 1.3648590594499295 0
1711607647978 1.3642501899818882 0
1711607647979 1.3637730911818589 0
1711607647980 1.3634360356642248 0
