1711607661648 1.8545227893763894 0
1711607661650 1.8128436687545209 0
1711607661651 1.7766694792388664 0
1711607661652 1.743390127343244 0
1711607661653 1.7129623453059566 0
1711607661655 1.6831846355706093 0
1711607661656 1.6598586860136464 0
1711607661657 1.6358600654248816 0
1711607661658 1.6131306522519864 0
1711607661659 1.5934643308396566 0
1711607661660 1.5747585794622365 0
1711607661661 1.558738743737424 0
1711607661662 1.5430272893588037 0
1711607661663 1.5284141297476928 0
1711607661664 1.5155941561223005 0
1711607661665 1.503984439358968 0
1711607661666 1.4930573258321733 0
1711607661667 1.4823127989883333 0
1711607661668 1.4734874395762827 0
1711607661669 1.4644385619320355 0
1711607661670 1.4565819419823844 0
1711607661671 1.448690808448192 0
1711607661672 1.4421426418669656 0
1711607661673 1.4362957304796231 0
1711607661674 1.4300608641404258 0
1711607661675 1.4230301453674534 0
1711607661676 1.417941946732301 0
1711607661677 1.4129094607976904 0
1711607661678 1.4085508734762986 0
1711607661679 1.404697273469136 0
1711607661680 1.4008714000741915 0
1711607661681 1.3974761273121366 0
1711607661682 1.3941055656585335 0
1711607661683 1.3898806585678098 0
1711607661684 1.3867014015376902 0
1711607661685 1.3829904710121563 0
1711607661686 1.3797077495138843 0
1711607661687 1.377021462651971 0
1711607661689 1.3749221252476707 0
1711607661690 1.3728219251344946 0
1711607661691 1.3704737751439673 0
1711607661692 1.3683151078132028 0
1711607661693 1.3663547097000575 0
1711607661694 1.3639587103833375 0
1711607661695 1.362266802621049 0
1711607661696 1.3606110368706328 0
1711607661697 1.358715412417207 0
1711607661698 1.3571170174179181 0
1711607661699 1.3552622484531693 0
1711607661700 1.353476286618116 0
1711607661701 1.3522698163804958 0
1711607661702 1.3508900847405672 0
1711607661703 1.3496346256414327 0
1711607661704 1.3483682866747024 0
1711607661705 1.3464781776925816 0
1711607661706 1.3455223398567187 0
1711607661707 1.344261732182199 0
1711607661708 1.342950480070572 0
1711607661709 1.3413686831088965 0
1711607661710 1.3404221142889867 0
1711607661711 1.339270405822315 0
1711607661712 1.338261169492155 0
1711607661714 1.3372244952370786 0
1711607661715 1.3361449822399052 0
1711607661716 1.3348218093826993 0
1711607661717 1.3340553535739095 0
1711607661718 1.3335295459041845 0
1711607661719 1.3325728777132542 0
1711607661720 1.331258267475261 0
1711607661721 1.330190826970187 0
1711607661722 1.3291372770354626 0
1711607661723 1.3280150469279135 0
1711607661724 1.3271453024581354 0
1711607661726 1.3260372533280902 0
1711607661727 1.3251687534880168 0
1711607661729 1.3239430769067362 0
1711607661730 1.3230743831144656 0
1711607661731 1.3219437687090965 0
1711607661732 1.3210826459592173 0
1711607661733 1.320629769280898 0
1711607661734 1.3198600686711222 0
1711607661735 1.318791313303666 0
1711607661736 1.318254361213925 0
1711607661737 1.317359686824476 0
1711607661738 1.3168768400682391 0
1711607661739 1.3156135508062705 0
1711607661740 1.3148838821047912 0
1711607661741 1.3139454290549457 0
1711607661742 1.3133510840648797 0
1711607661743 1.3122587653571156 0
1711607661744 1.3113462453233078 0
1711607661745 1.3107782136013404 0
1711607661746 1.3101053828057199 0
1711607661748 1.3094147918570211 0
1711607661749 1.3089879336575128 0
1711607661750 1.3083428356863562 0
1711607661751 1.3079619066198636 0
1711607661752 1.3071694762604396 0
1711607661753 1.306753782111117 0
1711607661754 1.3062968812150222 0
