1711607607791 1.892576227614726 0
1711607607793 1.884252218000418 0
1711607607794 1.8759353157600527 0
1711607607795 1.867878566461737 0
1711607607796 1.8601276066612442 0
1711607607797 1.8524746532854677 0
1711607607798 1.844788321999741 0
1711607607799 1.8374943283380467 0
1711607607800 1.830729922761877 0
1711607607801 1.8253290660111066 0
1711607607801 1.8203744141998777 0
1711607607803 1.8135051811759524 0
1711607607804 1.8073513766697087 0
1711607607804 1.8010377202531942 0
1711607607805 1.7946213345665682 0
1711607607806 1.7881074187924195 0
1711607607807 1.782113549779 0
1711607607808 1.7758683606268681 0
1711607607809 1.7695776425211005 0
1711607607809 1.763832927346921 0
1711607607810 1.7597508945910185 0
1711607607811 1.7543774377217844 0
1711607607812 1.748634037469189 0
1711607607813 1.7443912713544125 0
1711607607814 1.738923521205578 0
1711607607815 1.7332709854521775 0
1711607607816 1.7278787959579516 0
1711607607816 1.722731127089437 0
1711607607817 1.7179763615556392 0
1711607607818 1.7128999699322771 0
1711607607819 1.708231941374607 0
1711607607820 1.7039326226527143 0
1711607607821 1.6993400488760055 0
1711607607821 1.694494789021061 0
1711607607822 1.6898793168545487 0
1711607607823 1.6855965757178204 0
1711607607824 1.6811374644236428 0
1711607607825 1.6766167008001955 0
1711607607826 1.6724668805900094 0
1711607607827 1.6684918944753642 0
1711607607828 1.664241633369764 0
1711607607828 1.6599902287864543 0
1711607607829 1.6564054621237483 0
1711607607830 1.6523977819707012 0
1711607607831 1.6484006481689661 0
1711607607832 1.644712113150381 0
1711607607833 1.6409379302839937 0
1711607607834 1.637275717960208 0
1711607607835 1.633894437149061 0
1711607607835 1.6303842570214693 0
1711607607836 1.6267554698030058 0
1711607607837 1.6231322382464706 0
1711607607838 1.6208227617481445 0
1711607607840 1.6178589769870657 0
1711607607841 1.6148941860207116 0
1711607607842 1.6116407919862465 0
1711607607843 1.6084429482777005 0
1711607607844 1.6054774582526004 0
1711607607845 1.6031865343330896 0
1711607607846 1.6002431276712663 0
1711607607847 1.5974327522042389 0
1711607607848 1.5943453469644355 0
1711607607848 1.5914628994756923 0
1711607607849 1.5885231665719728 0
1711607607850 1.5856164233054444 0
1711607607851 1.5830570371091772 0
1711607607852 1.5805164612923062 0
1711607607853 1.5778349267936052 0
1711607607854 1.5755751369894853 0
1711607607855 1.5731403977163223 0
1711607607856 1.5704442057995267 0
1711607607857 1.567847683163526 0
1711607607857 1.5653196755677843 0
1711607607858 1.5630237397394928 0
1711607607859 1.5605547538285929 0
1711607607860 1.5581844010486032 0
1711607607862 1.5564373071437956 0
1711607607863 1.554079206034369 0
1711607607864 1.5521088687829538 0
1711607607865 1.5497952496321932 0
1711607607866 1.5475276715025323 0
1711607607867 1.5452928495697345 0
1711607607868 1.5431593195995434 0
1711607607869 1.5410367393384778 0
1711607607870 1.538935275447011 0
1711607607870 1.5370051303921541 0
1711607607871 1.535080300713345 0
1711607607872 1.5330384542920854 0
1711607607873 1.5311876363611343 0
1711607607874 1.5292344578434278 0
1711607607875 1.5273968108219755 0
1711607607876 1.5255388879331653 0
1711607607876 1.5238139317999533 0
1711607607877 1.5221686945446011 0
1711607607878 1.5204371001235735 0
1711607607879 1.5186585336857577 0
1711607607880 1.5169366403675353 0
1711607607881 1.5152709242318356 0
1711607607882 1.513649421965596 0
1711607607882 1.5123879125309476 0
