1711607707913 1.8122551906721782 0
1711607707914 1.7383203796921172 0
1711607707915 1.6899645561247105 0
1711607707916 1.6392499426471634 0
1711607707917 1.595840953964889 0
1711607707918 1.5591683474832985 0
1711607707919 1.5289124346906109 0
1711607707920 1.5036145538040726 0
1711607707920 1.4813410862312333 0
1711607707921 1.463876049973284 0
1711607707922 1.448020103705834 0
1711607707923 1.435386145589577 0
1711607707923 1.4239516827331018 0
1711607707924 1.4133542960519467 0
1711607707925 1.4055035343830264 0
1711607707926 1.398302009057169 0
1711607707927 1.3895164284204538 0
1711607707928 1.3842452536251637 0
1711607707928 1.380144744667764 0
1711607707929 1.3745889146786399 0
1711607707930 1.368782483321087 0
1711607707931 1.3651373933419728 0
1711607707931 1.3608077544059463 0
1711607707932 1.3561250366544957 0
1711607707933 1.353585854629356 0
1711607707934 1.3508466227708633 0
1711607707934 1.3487699947332552 0
1711607707935 1.3460922654001015 0
1711607707936 1.3442912408785057 0
1711607707937 1.3426779929433061 0
1711607707938 1.3413920028001092 0
1711607707938 1.338359767086948 0
1711607707939 1.3362119508827184 0
1711607707940 1.3338783863564652 0
1711607707941 1.3322350083409753 0
1711607707941 1.3288873863200257 0
1711607707942 1.3269426316877533 0
1711607707943 1.325433526291426 0
1711607707944 1.3241397752954709 0
1711607707945 1.3205697694510652 0
1711607707945 1.3192353369429541 0
1711607707946 1.3177050246628847 0
1711607707947 1.3152870767147935 0
1711607707948 1.3138512407663152 0
1711607707949 1.3117691848762072 0
1711607707949 1.3106034923207603 0
1711607707950 1.3082734282690764 0
1711607707951 1.3072293165897084 0
1711607707952 1.3064474180775996 0
1711607707953 1.3045840166023617 0
1711607707953 1.3036612410006239 0
1711607707954 1.303214824740768 0
1711607707955 1.3009643146852399 0
1711607707956 1.2998224829230414 0
1711607707956 1.2984018415056486 0
1711607707957 1.2971252519490308 0
1711607707958 1.296656093763951 0
1711607707959 1.2937057557462142 0
1711607707960 1.2926947099170816 0
1711607707961 1.2917630576524843 0
1711607707961 1.2913312711702334 0
1711607707962 1.2909675404381118 0
1711607707963 1.2898240662506069 0
1711607707964 1.2883558657525183 0
1711607707964 1.285738274495454 0
1711607707965 1.2850149241464108 0
1711607707966 1.2841747708849525 0
1711607707967 1.2834303744710447 0
1711607707968 1.282916503413969 0
1711607707969 1.2822430269361622 0
1711607707970 1.2798708863141706 0
1711607707970 1.2786282388991008 0
1711607707971 1.2775066227464311 0
1711607707972 1.2758490668921565 0
1711607707973 1.2736954627559207 0
1711607707974 1.2733345304525359 0
1711607707974 1.2726417991219476 0
1711607707975 1.2715434524730027 0
1711607707976 1.2709374341492283 0
1711607707977 1.2686620416178809 0
1711607707977 1.2670558227674713 0
1711607707978 1.2660643011237727 0
1711607707979 1.2647006912526502 0
1711607707980 1.2642973735336884 0
1711607707981 1.2639342381381073 0
1711607707981 1.263030574405194 0
1711607707982 1.2618360145041327 0
1711607707983 1.2605547602898883 0
1711607707984 1.259397823478196 0
1711607707985 1.259015674749337 0
1711607707986 1.2586673659115148 0
1711607707987 1.258344689172399 0
1711607707988 1.2573119216925648 0
1711607707989 1.2565016865745076 0
1711607707989 1.2562793492263251 0
1711607707990 1.2554215751802773 0
1711607707991 1.254257086811501 0
1711607707992 1.2539972114561144 0
1711607707992 1.2533835291337798 0
1711607707993 1.2513450872408673 0
