1711607734496 1.7909454741527226 0
1711607734498 1.702312046882888 0
1711607734499 1.6284822378220385 0
1711607734500 1.5707718692089028 0
1711607734501 1.5224108871971183 0
1711607734502 1.4810228583574991 0
1711607734503 1.4483206296600373 0
1711607734504 1.4190149420722655 0
1711607734505 1.3941339487542086 0
1711607734506 1.3717371310298143 0
1711607734507 1.3539324644333846 0
1711607734508 1.3380940097260468 0
1711607734509 1.3246482645445972 0
1711607734510 1.3112984946353157 0
1711607734511 1.300302420529442 0
1711607734512 1.2898407929451496 0
1711607734513 1.2800661570336218 0
1711607734515 1.270547637825266 0
1711607734516 1.2639987196050115 0
1711607734517 1.254383015152499 0
1711607734518 1.248816375521192 0
1711607734519 1.2438872464068684 0
1711607734520 1.2376104203676084 0
1711607734522 1.2313091348719245 0
1711607734523 1.2266488679209102 0
1711607734524 1.2200884962137788 0
1711607734525 1.2159701121598092 0
1711607734526 1.2125009049051072 0
1711607734528 1.2078270100153983 0
1711607734529 1.199045262202828 0
1711607734530 1.1944669559210772 0
1711607734531 1.1900109202224227 0
1711607734532 1.185632208665669 0
1711607734533 1.182527357637295 0
1711607734535 1.178085099050962 0
1711607734536 1.1753369389589345 0
1711607734537 1.1711659250988957 0
1711607734538 1.168977764037178 0
1711607734539 1.1661011922345363 0
1711607734540 1.1635443764628541 0
1711607734542 1.1609913631993114 0
1711607734543 1.1582704007099411 0
1711607734544 1.1556073218009106 0
1711607734545 1.152155716844996 0
1711607734546 1.14887974172188 0
1711607734547 1.146696086259746 0
1711607734549 1.144307339022618 0
1711607734550 1.1408934472486403 0
1711607734551 1.1370515329551132 0
1711607734552 1.1350495342978815 0
1711607734554 1.1323588388040031 0
1711607734555 1.1304001665476846 0
1711607734556 1.1268215087503504 0
1711607734558 1.1258546502141604 0
1711607734559 1.1241919472721948 0
1711607734560 1.1229064214124531 0
1711607734561 1.120813072569106 0
1711607734563 1.117151479776744 0
1711607734564 1.1164901471271544 0
1711607734565 1.114510108231825 0
1711607734567 1.1140761960292747 0
1711607734568 1.11008858414457 0
1711607734569 1.1078986398055504 0
1711607734570 1.1073902361220191 0
1711607734572 1.105267249949179 0
1711607734573 1.1015122911060522 0
1711607734574 1.0999033761223276 0
1711607734576 1.0995325585074671 0
1711607734577 1.0963385636853713 0
1711607734578 1.094533667194208 0
1711607734580 1.0942670836209882 0
1711607734581 1.092270786619025 0
1711607734583 1.0909994580022508 0
1711607734584 1.0889882266452064 0
1711607734586 1.0872235906847219 0
1711607734587 1.086051177161953 0
1711607734588 1.0857615174020245 0
1711607734590 1.083024247768114 0
1711607734591 1.0805352429314596 0
1711607734593 1.0769469027351977 0
1711607734594 1.074536540374779 0
1711607734595 1.0732183558786195 0
1711607734597 1.0689020029881535 0
1711607734598 1.0680481473565955 0
1711607734599 1.0651905912740935 0
1711607734601 1.0615881880955225 0
1711607734602 1.0604584487398028 0
1711607734603 1.0588612377060465 0
1711607734604 1.0576027256703209 0
1711607734606 1.0571704912765383 0
1711607734607 1.0555140269234091 0
1711607734608 1.0526219392799103 0
1711607734609 1.0500347842807434 0
1711607734610 1.0496625036685623 0
1711607734612 1.0488854863465182 0
1711607734613 1.0487962626899858 0
1711607734614 1.0456583521933045 0
1711607734615 1.044565732521112 0
1711607734616 1.0444540371538271 0
1711607734618 1.0443054300897847 0
