1711607696886 1.8246577511733668 0
1711607696887 1.755872553011987 0
1711607696888 1.7060723604086243 0
1711607696890 1.6586066745642238 0
1711607696891 1.6222121818497255 0
1711607696891 1.5896063896758836 0
1711607696892 1.564324816336999 0
1711607696893 1.54372924204378 0
1711607696894 1.5233983753069469 0
1711607696895 1.5056653460257163 0
1711607696896 1.4905492894268308 0
1711607696897 1.480030845339121 0
1711607696898 1.4691733947684573 0
1711607696899 1.4596794391489325 0
1711607696899 1.4512682981251266 0
1711607696900 1.4432859405734126 0
1711607696901 1.4373751676642692 0
1711607696902 1.4327733177986244 0
1711607696903 1.4257598179326971 0
1711607696904 1.4208333565060318 0
1711607696905 1.416317434709027 0
1711607696906 1.4131849657036126 0
1711607696907 1.410150535963953 0
1711607696908 1.40721568117635 0
1711607696909 1.4048978948747672 0
1711607696910 1.401951496789005 0
1711607696910 1.3996543731688185 0
1711607696911 1.3976524687398257 0
1711607696912 1.3941345165621533 0
1711607696913 1.3920363841279126 0
1711607696914 1.3902541418615257 0
1711607696915 1.388382315388139 0
1711607696916 1.3868750249364874 0
1711607696917 1.3849784935865577 0
1711607696918 1.3835039110603602 0
1711607696919 1.3814133142114846 0
1711607696919 1.3797382883771818 0
1711607696920 1.3786425449288082 0
1711607696921 1.3759766278649013 0
1711607696922 1.374790346656853 0
1711607696923 1.373427846217369 0
1711607696924 1.3726282502029803 0
1711607696925 1.3715621553743815 0
1711607696926 1.370025244598743 0
1711607696927 1.3691867566953053 0
1711607696928 1.3682686775942832 0
1711607696929 1.3673533778291367 0
1711607696930 1.366565265388982 0
1711607696931 1.3655900590950683 0
1711607696932 1.3647615509520261 0
1711607696933 1.364017511647293 0
1711607696934 1.3628940064370285 0
1711607696934 1.3621584588306217 0
1711607696935 1.3616368843146665 0
1711607696936 1.3604736389801255 0
1711607696937 1.3597795073978654 0
1711607696938 1.3591654716704704 0
1711607696939 1.3586832044807613 0
1711607696940 1.3581217582401601 0
1711607696941 1.3571153315496443 0
1711607696942 1.356678956200264 0
1711607696943 1.3561790439659596 0
1711607696944 1.355430290249613 0
1711607696945 1.3546587129133953 0
1711607696946 1.3540970347112355 0
1711607696946 1.3534064037094726 0
1711607696947 1.3525000815231294 0
1711607696948 1.3521300494315716 0
1711607696949 1.3511982123574395 0
1711607696950 1.350354692170501 0
1711607696951 1.3489313252060957 0
1711607696952 1.3475389228146504 0
1711607696953 1.347148509992121 0
1711607696954 1.3465739813105018 0
1711607696954 1.3455046273711915 0
1711607696955 1.3439034904342837 0
1711607696956 1.343305052032229 0
1711607696957 1.3429568022881255 0
1711607696958 1.342628102466557 0
1711607696959 1.3421086271627105 0
1711607696960 1.3417758363492753 0
1711607696961 1.3413619121374782 0
1711607696962 1.340300951252901 0
1711607696963 1.3400229086188495 0
1711607696964 1.3394242989117249 0
1711607696965 1.3385543426995776 0
1711607696966 1.3375241431344371 0
1711607696967 1.3371897317168764 0
1711607696968 1.3364996492554229 0
1711607696969 1.3345731844201456 0
1711607696970 1.3331295343622669 0
1711607696971 1.3324300638560087 0
1711607696971 1.3308617432749938 0
1711607696972 1.3294183063314065 0
1711607696973 1.3283181189520086 0
1711607696974 1.326692897499161 0
1711607696975 1.3254144152235117 0
1711607696976 1.3248722924898666 0
1711607696977 1.3241555047691718 0
1711607696978 1.3231478113785242 0
