1711607613172 1.8911802931679071 0
1711607613173 1.8819113478366611 0
1711607613174 1.8726830900090652 0
1711607613175 1.8636384745122376 0
1711607613177 1.8548895083169508 0
1711607613178 1.8461877136380025 0
1711607613179 1.8377724850323367 0
1711607613180 1.8293999007489345 0
1711607613181 1.8213053937238342 0
1711607613182 1.8132496739093455 0
1711607613183 1.8053541867404335 0
1711607613184 1.797712625109401 0
1711607613184 1.7900730620714753 0
1711607613185 1.7827185145237183 0
1711607613186 1.7753632569930575 0
1711607613187 1.768187627579164 0
1711607613188 1.7612372764744555 0
1711607613189 1.7542937526225306 0
1711607613190 1.7476041350837757 0
1711607613191 1.7409182017436367 0
1711607613192 1.7343637606546216 0
1711607613193 1.7280414422261334 0
1711607613194 1.7217590294000218 0
1711607613195 1.7156746337851823 0
1711607613196 1.7095664401652397 0
1711607613197 1.7035797403630508 0
1711607613198 1.6978211828691068 0
1711607613199 1.6920522526056423 0
1711607613200 1.686423094166655 0
1711607613201 1.6809733992417342 0
1711607613202 1.6755220237937807 0
1711607613203 1.6701782008744377 0
1711607613204 1.6650191141133983 0
1711607613205 1.6598698146231812 0
1711607613206 1.654899957071079 0
1711607613207 1.6499362644765327 0
1711607613207 1.6450702822089103 0
1711607613208 1.640347737720042 0
1711607613209 1.6356588772927239 0
1711607613210 1.631079580553337 0
1711607613211 1.6266111770290486 0
1711607613212 1.6221789629544643 0
1711607613213 1.617833707790686 0
1711607613214 1.6136045446322715 0
1711607613215 1.6094166142583834 0
1711607613216 1.605342084083194 0
1711607613217 1.601303699498775 0
1711607613218 1.5973437392759493 0
1711607613219 1.5934783203748526 0
1711607613220 1.589639218796747 0
1711607613220 1.5858983065802092 0
1711607613221 1.582176458177584 0
1711607613222 1.5785286745581706 0
1711607613223 1.574866754537979 0
1711607613224 1.5713839707660042 0
1711607613225 1.567854408128868 0
1711607613226 1.5644688706211387 0
1711607613227 1.5611466055718102 0
1711607613228 1.5578805974679197 0
1711607613229 1.5545978085776735 0
1711607613230 1.5514537224430276 0
1711607613231 1.54829326662383 0
1711607613232 1.545242682466383 0
1711607613232 1.5422781993429893 0
1711607613233 1.5393712548459912 0
1711607613234 1.536426628070922 0
1711607613235 1.5335211013301027 0
1711607613236 1.5307686684127526 0
1711607613237 1.5279764341616318 0
1711607613238 1.5253244438436058 0
1711607613239 1.5226052452450998 0
1711607613240 1.520049833452287 0
1711607613241 1.517447976771665 0
1711607613242 1.514996453149947 0
1711607613243 1.51253099689546 0
1711607613244 1.5101544537108922 0
1711607613245 1.5077310786514877 0
1711607613246 1.5054503662754084 0
1711607613247 1.5031478744728257 0
1711607613248 1.5008503908395816 0
1711607613249 1.498678851544781 0
1711607613250 1.4964492314977953 0
1711607613251 1.4943616166394633 0
1711607613252 1.4921621418859712 0
1711607613253 1.4900452459156202 0
1711607613254 1.4880553186240773 0
1711607613255 1.4860545271100172 0
1711607613256 1.4840467147363574 0
1711607613257 1.4821565390045712 0
1711607613258 1.4803104555556221 0
1711607613258 1.4784013708681927 0
1711607613259 1.4766076358435647 0
1711607613260 1.4747838758095924 0
1711607613261 1.4729114304071484 0
1711607613262 1.471206937365702 0
1711607613263 1.4694536442176525 0
1711607613264 1.4677614229740925 0
1711607613265 1.466140780757388 0
1711607613266 1.46447530835262 0
1711607613267 1.4628714403166074 0
