1711607639208 1.8894344798826581 0
1711607639209 1.8781730187276218 0
1711607639210 1.8676423232035815 0
1711607639211 1.8568789556214953 0
1711607639213 1.8464925178273843 0
1711607639214 1.8367189958402061 0
1711607639215 1.8268266875685581 0
1711607639216 1.8174395816823319 0
1711607639217 1.807798339919331 0
1711607639218 1.7981140202026065 0
1711607639219 1.7887132593177173 0
1711607639220 1.779287522060895 0
1711607639221 1.7703157622816006 0
1711607639222 1.7614959760967301 0
1711607639223 1.752823615922345 0
1711607639225 1.7443356602157072 0
1711607639227 1.7360592536404833 0
1711607639229 1.7279837512314413 0
1711607639230 1.719989855013279 0
1711607639232 1.7120504791500308 0
1711607639234 1.7044604314874097 0
1711607639235 1.6968017683702512 0
1711607639237 1.6894189191879523 0
1711607639239 1.6819291900231104 0
1711607639241 1.6750257760403795 0
1711607639243 1.6678639829573891 0
1711607639245 1.6608394409327787 0
1711607639246 1.6541036727635114 0
1711607639248 1.6475399960426975 0
1711607639249 1.641074062747058 0
1711607639251 1.6347287606350245 0
1711607639252 1.628606185080887 0
1711607639253 1.622517440688453 0
1711607639255 1.6166599024862491 0
1711607639256 1.6106980024597912 0
1711607639260 1.6047104332304507 0
1711607639262 1.5989461156417843 0
1711607639264 1.5937758401660491 0
1711607639266 1.588014320591312 0
1711607639268 1.5826077355090102 0
1711607639270 1.5772935627848275 0
1711607639276 1.5716835766610628 0
1711607639278 1.5663734683075827 0
1711607639280 1.5613012794862107 0
1711607639281 1.5564385222120618 0
1711607639282 1.551398407377558 0
1711607639283 1.546415499154927 0
1711607639284 1.54174503644257 0
1711607639285 1.537250743867406 0
1711607639286 1.532651499464409 0
1711607639287 1.5281665612192377 0
1711607639289 1.5238274183344143 0
1711607639290 1.5195166138248264 0
1711607639292 1.5152551923488655 0
1711607639294 1.5113026223861108 0
1711607639296 1.5069850587338351 0
1711607639298 1.5029506963854213 0
1711607639300 1.4990479425856282 0
1711607639301 1.4950648131048356 0
1711607639302 1.4911348961403543 0
1711607639303 1.487219683509831 0
1711607639304 1.4834046614456238 0
1711607639305 1.479685023015272 0
1711607639306 1.4760774421958833 0
1711607639307 1.4726000203029017 0
1711607639308 1.4692369476296343 0
1711607639309 1.4657390443434972 0
1711607639310 1.462309422084337 0
1711607639311 1.459080995319042 0
1711607639312 1.455827970370123 0
1711607639313 1.4526144011686155 0
1711607639314 1.4493074796289078 0
1711607639315 1.446342314707514 0
1711607639316 1.4434120293912633 0
1711607639317 1.440409826856165 0
1711607639318 1.437482923035913 0
1711607639319 1.434513592818617 0
1711607639320 1.431469023210166 0
1711607639321 1.4285134955131267 0
1711607639322 1.4258677604867422 0
1711607639323 1.4229695494778822 0
1711607639324 1.4201566358823967 0
1711607639325 1.417366198861231 0
1711607639326 1.4147261273501484 0
1711607639327 1.412375053141154 0
1711607639328 1.4095803959660431 0
1711607639329 1.4068915178908241 0
1711607639330 1.4044423068285874 0
1711607639331 1.4019582114130222 0
1711607639332 1.3994933692153908 0
1711607639333 1.3970271830651388 0
1711607639334 1.3946597032197057 0
1711607639335 1.3922064415404942 0
1711607639336 1.3899544276145164 0
1711607639337 1.3877786795301101 0
1711607639338 1.3855502584799677 0
1711607639339 1.3833367027807166 0
1711607639340 1.3812951505312125 0
1711607639341 1.3793005844317894 0
1711607639342 1.3771484113538208 0
