1711607731636 1.7932793934636022 0
1711607731637 1.7054091208592328 0
1711607731638 1.633778447147825 0
1711607731640 1.5724697284838962 0
1711607731641 1.5219893352504772 0
1711607731642 1.4822371308558424 0
1711607731643 1.4479826316800437 0
1711607731644 1.4182590088461167 0
1711607731645 1.3935191682324921 0
1711607731646 1.3720572435592693 0
1711607731647 1.3531694112540467 0
1711607731648 1.3359759381103111 0
1711607731649 1.3232698976492863 0
1711607731650 1.3109529467620182 0
1711607731651 1.2990700378422804 0
1711607731652 1.2894905056357584 0
1711607731653 1.2786373631769472 0
1711607731654 1.2693762285696728 0
1711607731655 1.2607188207973954 0
1711607731656 1.2527114171073914 0
1711607731657 1.2456682058336555 0
1711607731658 1.2397215140468365 0
1711607731659 1.2325346684207235 0
1711607731660 1.224778782243655 0
1711607731661 1.2183351254916925 0
1711607731662 1.2127286030572542 0
1711607731663 1.2085629209276825 0
1711607731664 1.2040825817794516 0
1711607731665 1.2004799622011544 0
1711607731666 1.1946761785411273 0
1711607731667 1.189922358637113 0
1711607731668 1.1851775640580506 0
1711607731669 1.1796423303928492 0
1711607731670 1.1755339392270512 0
1711607731671 1.172276402054636 0
1711607731672 1.1688667503996588 0
1711607731673 1.1652909846600572 0
1711607731674 1.1600627204609781 0
1711607731675 1.1554611098806764 0
1711607731676 1.1533186111097073 0
1711607731677 1.1494230090519872 0
1711607731678 1.1462372160314356 0
1711607731679 1.1443748318505695 0
1711607731680 1.1422076329803506 0
1711607731681 1.138563030810609 0
1711607731682 1.1372899620964585 0
1711607731683 1.1365040063934073 0
1711607731684 1.134726512330133 0
1711607731685 1.1312408072157236 0
1711607731686 1.1287467256134585 0
1711607731687 1.127018396552091 0
1711607731688 1.1253610892682029 0
1711607731689 1.1245076548664328 0
1711607731690 1.121224702990044 0
1711607731691 1.1200677614484875 0
1711607731692 1.1171318237572812 0
1711607731693 1.1144611065763053 0
1711607731694 1.1122360152007007 0
1711607731695 1.1097262469437081 0
1711607731696 1.1087286612463274 0
1711607731697 1.1074099368628134 0
1711607731698 1.106287392427769 0
1711607731699 1.1053880164830927 0
1711607731700 1.1035086571321786 0
1711607731701 1.1020722172384994 0
1711607731702 1.1010073095940425 0
1711607731703 1.0999349984841498 0
1711607731704 1.0995341900764253 0
1711607731705 1.0983193824687416 0
1711607731706 1.0980667916030833 0
1711607731708 1.0925230933412313 0
1711607731709 1.0912225481443314 0
1711607731710 1.0894410761367677 0
1711607731711 1.0847135821895266 0
1711607731712 1.0829856981962211 0
1711607731713 1.0784325701375286 0
1711607731714 1.0775978596619447 0
1711607731715 1.0759223930829198 0
1711607731716 1.0748443402492098 0
1711607731717 1.074627075187979 0
1711607731718 1.073671739689182 0
1711607731719 1.0734053581582714 0
1711607731720 1.0726477878751903 0
1711607731721 1.0690684091971483 0
1711607731722 1.0680084180892464 0
1711607731723 1.0639052730898861 0
1711607731724 1.0607387873639902 0
1711607731725 1.0599280521533463 0
1711607731726 1.0566277729332505 0
1711607731727 1.0532367420308184 0
1711607731728 1.049674056760169 0
1711607731729 1.0472062540667622 0
1711607731730 1.0450124201774198 0
1711607731731 1.0444018233480257 0
1711607731732 1.042047856854779 0
1711607731733 1.041866988946408 0
1711607731734 1.041177701380094 0
1711607731735 1.040996083110483 0
1711607731736 1.039300799190708 0
1711607731737 1.0383920011063474 0
