1711607676401 1.8489139846352118 0
1711607676403 1.8045656967216734 0
1711607676405 1.7619693872225113 0
1711607676406 1.7255879480875118 0
1711607676408 1.6931275606123033 0
1711607676409 1.6620869688697635 0
1711607676411 1.633632415988008 0
1711607676413 1.6072308366109085 0
1711607676414 1.5842582228976396 0
1711607676416 1.5633225899952665 0
1711607676417 1.5453307292606902 0
1711607676419 1.5274441819473399 0
1711607676421 1.5097016573318824 0
1711607676422 1.4947033586325857 0
1711607676424 1.480320989805766 0
1711607676426 1.467499454876986 0
1711607676429 1.455201970346487 0
1711607676430 1.4431456296790304 0
1711607676432 1.4336063857198822 0
1711607676433 1.423967338550007 0
1711607676434 1.4151858252101779 0
1711607676436 1.4071123477175826 0
1711607676436 1.3996327081580249 0
1711607676437 1.392401501553485 0
1711607676438 1.385883482907645 0
1711607676439 1.379017535039662 0
1711607676440 1.3735990379031018 0
1711607676441 1.3686661544948457 0
1711607676442 1.3642046623444808 0
1711607676443 1.3602229546090268 0
1711607676444 1.3556848142685107 0
1711607676445 1.35177398835277 0
1711607676446 1.3476911150654092 0
1711607676447 1.3426033180771837 0
1711607676448 1.3387615006503282 0
1711607676449 1.335398384138611 0
1711607676450 1.3322719935012792 0
1711607676451 1.329250551746583 0
1711607676452 1.3259957521627208 0
1711607676454 1.322934080155509 0
1711607676454 1.3204758518131965 0
1711607676455 1.3181511298385025 0
1711607676456 1.3148334676635351 0
1711607676457 1.3121346907499023 0
1711607676458 1.3097665845623183 0
1711607676459 1.307898064413273 0
1711607676460 1.3057929910925374 0
1711607676461 1.3041593978329902 0
1711607676462 1.3019615832345854 0
1711607676463 1.300119025416627 0
1711607676465 1.297219815044291 0
1711607676466 1.2948312181257962 0
1711607676467 1.292667704760293 0
1711607676468 1.2899092135041517 0
1711607676469 1.288579951789628 0
1711607676470 1.2863629647053667 0
1711607676471 1.2843236895760979 0
1711607676472 1.2828472831780695 0
1711607676473 1.2815537893251916 0
1711607676474 1.2800943419737232 0
1711607676475 1.2786354820157482 0
1711607676476 1.277412300789596 0
1711607676477 1.275900766727547 0
1711607676478 1.2744415992857563 0
1711607676481 1.2732151187082352 0
1711607676482 1.2718424521955278 0
1711607676483 1.2707981398929757 0
1711607676484 1.2691866641960325 0
1711607676485 1.2677076302252233 0
1711607676486 1.2662064810205962 0
1711607676487 1.2650167083700739 0
1711607676488 1.2643669871187826 0
1711607676489 1.2630819653006262 0
1711607676490 1.261969509206431 0
1711607676491 1.2606518784227676 0
1711607676492 1.2598838971516455 0
1711607676493 1.2591148718680958 0
1711607676494 1.257961600219995 0
1711607676495 1.2567307481940226 0
1711607676495 1.2561518599739105 0
1711607676496 1.2554514173524494 0
1711607676497 1.2541100709707 0
1711607676498 1.2534590733950397 0
1711607676499 1.2528103413964307 0
1711607676500 1.2515101007945082 0
1711607676501 1.2500666565360614 0
1711607676502 1.2485582853079489 0
1711607676503 1.247535935467417 0
1711607676504 1.2471400863575157 0
1711607676506 1.2465790871830695 0
1711607676507 1.2457372245927432 0
1711607676508 1.2446188364926258 0
1711607676509 1.2432117091352832 0
1711607676511 1.2422884215325996 0
1711607676512 1.2415293965149414 0
1711607676513 1.2405550506648721 0
1711607676514 1.2388212282294397 0
1711607676515 1.2375777590242967 0
1711607676516 1.236167715478238 0
1711607676517 1.2356534507935377 0
