1711607722254 1.7998399776737561 0
1711607722255 1.7204671988623677 0
1711607722256 1.6517172039718298 0
1711607722257 1.5967994036773816 0
1711607722258 1.5522026256977193 0
1711607722259 1.5144192209695104 0
1711607722260 1.4825397875238127 0
1711607722261 1.4547609453796135 0
1711607722262 1.4325982040202512 0
1711607722263 1.4131377240730503 0
1711607722265 1.3974956097585083 0
1711607722266 1.3837203342046294 0
1711607722267 1.3716095103408186 0
1711607722268 1.3618049177414115 0
1711607722269 1.3515860908982749 0
1711607722270 1.3429297826791022 0
1711607722271 1.3348602367440037 0
1711607722272 1.3289124512800288 0
1711607722273 1.3230638507593744 0
1711607722274 1.3165094385055616 0
1711607722275 1.3120409429083395 0
1711607722276 1.3082045583649016 0
1711607722277 1.3038225560200585 0
1711607722278 1.2991837048542296 0
1711607722280 1.2955996473066298 0
1711607722281 1.292228267500922 0
1711607722282 1.2876011635847557 0
1711607722283 1.2836487405910646 0
1711607722284 1.2809069168590193 0
1711607722285 1.2782717626431102 0
1711607722286 1.2756011636936544 0
1711607722287 1.2723866491995068 0
1711607722288 1.2693089233157633 0
1711607722289 1.2680292228098897 0
1711607722290 1.2643069402902904 0
1711607722291 1.2615844285133389 0
1711607722292 1.2585005511144371 0
1711607722293 1.2549644244057008 0
1711607722294 1.253581850412493 0
1711607722295 1.2513520695608933 0
1711607722296 1.2478872556640517 0
1711607722297 1.2462582971953926 0
1711607722298 1.2437172999837351 0
1711607722299 1.2422116024769128 0
1711607722301 1.2398236468915915 0
1711607722302 1.2381831988893028 0
1711607722303 1.2359560601579853 0
1711607722304 1.232614442939271 0
1711607722305 1.2301019113835552 0
1711607722306 1.2258565494021443 0
1711607722307 1.2242460752327606 0
1711607722308 1.2221943495196719 0
1711607722309 1.2199844173172596 0
1711607722310 1.217530901755082 0
1711607722311 1.2148661570123187 0
1711607722312 1.214468687842103 0
1711607722313 1.214167110170857 0
1711607722314 1.2121692210313029 0
1711607722315 1.2096865280978935 0
1711607722316 1.2087215928004214 0
1711607722317 1.2066972847807844 0
1711607722318 1.2049661868982378 0
1711607722319 1.2041064397062045 0
1711607722321 1.2018709887108863 0
1711607722322 1.2013535312464227 0
1711607722323 1.2002878441908411 0
1711607722324 1.1990633551183487 0
1711607722325 1.1979007971375981 0
1711607722326 1.1969531002607747 0
1711607722327 1.195998837194143 0
1711607722329 1.1953750793211093 0
1711607722330 1.1948371496445769 0
1711607722331 1.1911191211411751 0
1711607722332 1.190323351700691 0
1711607722333 1.1881147149893934 0
1711607722334 1.1859162165567358 0
1711607722335 1.1849279885024875 0
1711607722336 1.1840932931092178 0
1711607722337 1.1817071844532434 0
1711607722338 1.178955855651008 0
1711607722339 1.1768698778062776 0
1711607722341 1.1753296922575895 0
1711607722342 1.1728619116888879 0
1711607722343 1.171669574807818 0
1711607722345 1.170963358257018 0
1711607722346 1.1696741847702967 0
1711607722347 1.1694463094141456 0
1711607722348 1.1661003322884216 0
1711607722349 1.1652918027640833 0
1711607722350 1.1649469417367306 0
1711607722351 1.1629527338177 0
1711607722352 1.162526422548815 0
1711607722353 1.1619487802892146 0
1711607722354 1.1614424987107297 0
1711607722355 1.1609395944457996 0
1711607722357 1.159341254566749 0
1711607722359 1.157759619173818 0
1711607722361 1.1557356649639348 0
1711607722362 1.153716782844892 0
1711607722364 1.1527278931551284 0
