1711607713292 1.8188331656064962 0
1711607713294 1.7460605872510624 0
1711607713295 1.6900576657048885 0
1711607713296 1.6456425125443588 0
1711607713297 1.6158109844578956 0
1711607713299 1.5789189761877822 0
1711607713300 1.5469379031989299 0
1711607713301 1.5221156146231365 0
1711607713302 1.5021758381909842 0
1711607713303 1.4837878788623373 0
1711607713304 1.4705352288891402 0
1711607713305 1.4605646018687823 0
1711607713306 1.44679821212918 0
1711607713307 1.4344738326097217 0
1711607713308 1.4232172563214966 0
1711607713309 1.4156607806067498 0
1711607713310 1.40772533274703 0
1711607713311 1.4015249618763774 0
1711607713312 1.3924008631789118 0
1711607713313 1.3870059075911125 0
1711607713314 1.3829055404939155 0
1711607713315 1.3781965978714465 0
1711607713316 1.3742896993711824 0
1711607713317 1.3709589108911848 0
1711607713318 1.3676850690861184 0
1711607713319 1.364202008204931 0
1711607713321 1.3617668682707482 0
1711607713322 1.357436285490034 0
1711607713323 1.3547088986316027 0
1711607713324 1.3524229723350916 0
1711607713325 1.3501928917255583 0
1711607713326 1.3479805703346184 0
1711607713327 1.3460400757133268 0
1711607713328 1.3434569460040124 0
1711607713329 1.3413238792997748 0
1711607713330 1.3397918594737326 0
1711607713331 1.338085986525445 0
1711607713332 1.3368175126318638 0
1711607713333 1.3359563035932573 0
1711607713334 1.3341306154749357 0
1711607713335 1.3320380879153657 0
1711607713336 1.3308508268917474 0
1711607713337 1.328890217911352 0
1711607713339 1.3269522873861834 0
1711607713340 1.3255154244721392 0
1711607713341 1.324065399624738 0
1711607713342 1.3227006361704088 0
1711607713343 1.321800411008474 0
1711607713344 1.3208967352454002 0
1711607713345 1.320356221787138 0
1711607713346 1.3186080974351204 0
1711607713347 1.3178836733920165 0
1711607713348 1.3159373886238166 0
1711607713349 1.315261628191851 0
1711607713350 1.3133697120489953 0
1711607713351 1.3113905410847626 0
1711607713352 1.3110208991653425 0
1711607713353 1.308828836859383 0
1711607713354 1.3083027918938788 0
1711607713355 1.3073525857820947 0
1711607713356 1.3065158917337945 0
1711607713357 1.3052028084263891 0
1711607713359 1.3038526376776565 0
1711607713360 1.3027020878253217 0
1711607713361 1.3016909132645755 0
1711607713362 1.3006562096900642 0
1711607713363 1.2996823241603026 0
1711607713364 1.2994135996484295 0
1711607713365 1.2990007365065048 0
1711607713367 1.2977178188794156 0
1711607713368 1.2965631863928464 0
1711607713369 1.2962640879671998 0
1711607713370 1.2946147513205963 0
1711607713371 1.2938044187220459 0
1711607713372 1.2932093946849448 0
1711607713373 1.2920164803053462 0
1711607713374 1.2909841528217711 0
1711607713375 1.2899367919439244 0
1711607713376 1.2894230012850196 0
1711607713378 1.2886690116790465 0
1711607713379 1.2878656180245411 0
1711607713380 1.2866606618020988 0
1711607713381 1.2850236613104038 0
1711607713382 1.2835269604623267 0
1711607713383 1.2828395169518565 0
1711607713384 1.2818160435432524 0
1711607713385 1.2812751196113084 0
1711607713386 1.28068803605719 0
1711607713387 1.280205857709494 0
1711607713388 1.279838611569078 0
1711607713389 1.2791995961645197 0
1711607713390 1.2783779300512883 0
1711607713391 1.2776068588006224 0
1711607713392 1.2771990520795788 0
1711607713393 1.2762380223609053 0
1711607713394 1.2749750779373208 0
1711607713395 1.2742155782243123 0
1711607713397 1.273268403565836 0
1711607713398 1.2731838142377012 0
1711607713399 1.2704975668438612 0
