1711607605108 1.8925402664705966 0
1711607605109 1.8855799320594737 0
1711607605110 1.877674002441519 0
1711607605111 1.8702175283386588 0
1711607605112 1.8623965874062256 0
1711607605113 1.8546039255190747 0
1711607605114 1.8475643521898106 0
1711607605115 1.8402701656471265 0
1711607605117 1.832890196728578 0
1711607605118 1.825562674186985 0
1711607605119 1.818754333933924 0
1711607605120 1.8125206333720385 0
1711607605121 1.806175663964651 0
1711607605122 1.7999980945382916 0
1711607605123 1.7933799621629727 0
1711607605124 1.787064337341622 0
1711607605125 1.7806303497128568 0
1711607605126 1.7743957230780503 0
1711607605127 1.7682640905296207 0
1711607605128 1.7623023312189094 0
1711607605129 1.7567003925726115 0
1711607605130 1.7507986931590054 0
1711607605131 1.7453849466500473 0
1711607605132 1.7396699783481813 0
1711607605133 1.7348645556985003 0
1711607605134 1.729555639207335 0
1711607605135 1.7241359330488317 0
1711607605136 1.7187798092076636 0
1711607605136 1.71489224864967 0
1711607605137 1.7099353091240261 0
1711607605138 1.704843637157863 0
1711607605139 1.7002319060199989 0
1711607605140 1.6954848800887228 0
1711607605141 1.6911650778899827 0
1711607605142 1.6867739448154528 0
1711607605143 1.6825719867095958 0
1711607605144 1.6781473098563702 0
1711607605145 1.6737891553746678 0
1711607605146 1.6698945052925587 0
1711607605147 1.665791778938533 0
1711607605148 1.6615180506664802 0
1711607605149 1.6574949009045357 0
1711607605150 1.6537567150107353 0
1711607605151 1.6496970642845479 0
1711607605152 1.6460422130982029 0
1711607605153 1.6425617972042208 0
1711607605154 1.6389246563288624 0
1711607605155 1.6351094468196317 0
1711607605156 1.6314882540083302 0
1711607605157 1.6278340185323315 0
1711607605157 1.624351496127217 0
1711607605158 1.62098799847979 0
1711607605159 1.6179039511072515 0
1711607605160 1.6146163495053645 0
1711607605161 1.6113538253420798 0
1711607605162 1.6080747963239164 0
1711607605163 1.6049409778170227 0
1711607605164 1.6018486254929611 0
1711607605165 1.59883661466756 0
1711607605166 1.5960552457231394 0
1711607605167 1.5934695168512543 0
1711607605168 1.5909217793116361 0
1711607605168 1.588101245343835 0
1711607605169 1.585448766930847 0
1711607605170 1.5826849986670286 0
1711607605171 1.5798690918501506 0
1711607605172 1.5773045444903646 0
1711607605173 1.5747970084742904 0
1711607605174 1.5722526461371655 0
1711607605175 1.5698404643566206 0
1711607605176 1.567393836094257 0
1711607605177 1.565097584362379 0
1711607605178 1.5632709869562422 0
1711607605179 1.5608850937214598 0
1711607605180 1.5587178464988665 0
1711607605181 1.5564945133483095 0
1711607605182 1.554863271355974 0
1711607605183 1.5526669638982935 0
1711607605184 1.5504055652283786 0
1711607605185 1.5487220921414304 0
1711607605186 1.5466982173084012 0
1711607605187 1.5444853417495246 0
1711607605188 1.5423531033887548 0
1711607605189 1.540222565211742 0
1711607605190 1.5381795444271524 0
1711607605190 1.5364688384340563 0
1711607605191 1.534657254704183 0
1711607605192 1.532640715612174 0
1711607605193 1.530593252330514 0
1711607605194 1.5285851551899945 0
1711607605195 1.526829696290165 0
1711607605197 1.5249339350077864 0
1711607605198 1.5230792162101685 0
1711607605199 1.5212766552058874 0
1711607605200 1.5194780298450759 0
1711607605201 1.5177205781480252 0
1711607605202 1.5161220912651276 0
1711607605204 1.51448438139593 0
1711607605205 1.5130054594569557 0
1711607605206 1.5113524703497963 0
