1711607737309 1.800100384512517 0
1711607737311 1.7179679550788425 0
1711607737312 1.6477300953850307 0
1711607737314 1.58819431389524 0
1711607737315 1.5386134262329132 0
1711607737316 1.4970281877022666 0
1711607737317 1.4636932848962434 0
1711607737318 1.4354015747770852 0
1711607737319 1.410219637719315 0
1711607737320 1.3880623124242686 0
1711607737321 1.3695022811754267 0
1711607737322 1.3551124398023073 0
1711607737323 1.3402441600236161 0
1711607737324 1.3269509387573133 0
1711607737325 1.3160962077290284 0
1711607737326 1.30475798090651 0
1711607737327 1.2961908361496723 0
1711607737328 1.2885717890543271 0
1711607737329 1.2803872711221895 0
1711607737330 1.2737765011319606 0
1711607737331 1.2674076561895073 0
1711607737332 1.260236960876907 0
1711607737333 1.2548891531365969 0
1711607737334 1.248873128934169 0
1711607737335 1.2417920185833105 0
1711607737336 1.2382674788967927 0
1711607737337 1.234014224303993 0
1711607737338 1.2299198236170528 0
1711607737339 1.2268695643493412 0
1711607737340 1.2238161553782576 0
1711607737341 1.2215169824892345 0
1711607737342 1.2146637756703549 0
1711607737343 1.2093537415555546 0
1711607737344 1.2055532573470698 0
1711607737345 1.2010343006250488 0
1711607737346 1.1976667474511258 0
1711607737347 1.1938253646493096 0
1711607737348 1.1925162572073342 0
1711607737349 1.1896101964719261 0
1711607737350 1.1881086006270507 0
1711607737351 1.1854675601303803 0
1711607737352 1.1826643841068742 0
1711607737353 1.1809995498238424 0
1711607737354 1.1777965291583523 0
1711607737355 1.174446726225553 0
1711607737356 1.1697426805201676 0
1711607737357 1.1669274680897723 0
1711607737358 1.1655253367284846 0
1711607737359 1.162895239870389 0
1711607737360 1.1619770855745348 0
1711607737361 1.1581566100493181 0
1711607737362 1.1556218608605096 0
1711607737363 1.1530298551563742 0
1711607737364 1.1507480920593713 0
1711607737365 1.1492580573161308 0
1711607737366 1.1464107174602052 0
1711607737367 1.1450282488518224 0
1711607737368 1.140108314310511 0
1711607737369 1.1373418941885591 0
1711607737371 1.1337119285832644 0
1711607737372 1.1322982445130148 0
1711607737373 1.1290391772714101 0
1711607737374 1.126716070499837 0
1711607737375 1.1219954682448359 0
1711607737376 1.120278915131228 0
1711607737377 1.1147452628302335 0
1711607737378 1.1118011931201517 0
1711607737379 1.1096271580256936 0
1711607737380 1.1072633717890255 0
1711607737382 1.1054655012224301 0
1711607737383 1.1042593122919349 0
1711607737384 1.1011014581968632 0
1711607737385 1.100650156547832 0
1711607737386 1.099657992959075 0
1711607737387 1.0967904293461008 0
1711607737388 1.09613849440619 0
1711607737389 1.0941046153008178 0
1711607737390 1.0925301327288992 0
1711607737391 1.0899286011340183 0
1711607737392 1.0873576965197287 0
1711607737393 1.0850533482451832 0
1711607737394 1.083608527719029 0
1711607737395 1.0794485191771628 0
1711607737396 1.0786991293744 0
1711607737397 1.0762439450651349 0
1711607737398 1.0755245571524221 0
1711607737399 1.0741893683179975 0
1711607737400 1.07273257687827 0
1711607737401 1.072480827891378 0
1711607737402 1.0717737491011097 0
1711607737403 1.0689007612980048 0
1711607737404 1.0651301371692263 0
1711607737405 1.0633370259286885 0
1711607737406 1.0631612468913823 0
1711607737407 1.0600248734308084 0
1711607737408 1.0597535796103779 0
1711607737409 1.059516035572459 0
1711607737410 1.0592975585113087 0
1711607737411 1.056330387008463 0
1711607737412 1.0535086281991546 0
