1711607679126 1.8538948935280268 0
1711607679128 1.8144527411074127 0
1711607679129 1.773946211256012 0
1711607679130 1.7404170242967798 0
1711607679132 1.7074348443611742 0
1711607679133 1.68528546874569 0
1711607679135 1.6594032783694783 0
1711607679140 1.6329454239082495 0
1711607679142 1.6122879441516658 0
1711607679144 1.5901108229111696 0
1711607679145 1.5689943950381064 0
1711607679148 1.5498531773782966 0
1711607679149 1.5330170671639967 0
1711607679151 1.515649768578792 0
1711607679152 1.5016091931741105 0
1711607679154 1.4872344923351128 0
1711607679156 1.4744675799391787 0
1711607679157 1.4637992602115348 0
1711607679159 1.4522157289069535 0
1711607679161 1.4416010431854431 0
1711607679162 1.4331057466808617 0
1711607679164 1.4235821218617353 0
1711607679165 1.4155889655073222 0
1711607679167 1.4076427231132298 0
1711607679169 1.400247363474565 0
1711607679170 1.394086346999571 0
1711607679172 1.3877117414832985 0
1711607679174 1.3820588687972593 0
1711607679175 1.3767969208120487 0
1711607679177 1.371927825327235 0
1711607679179 1.3674552188045899 0
1711607679180 1.363719328273453 0
1711607679182 1.3592196694574035 0
1711607679183 1.355337378390833 0
1711607679185 1.3518829427720116 0
1711607679187 1.3482941293336665 0
1711607679188 1.3439666596909594 0
1711607679190 1.3412005866047074 0
1711607679192 1.3380659521119054 0
1711607679193 1.3355757495268694 0
1711607679195 1.333319261211968 0
1711607679198 1.330660899096912 0
1711607679200 1.3277557490068739 0
1711607679201 1.3252377675490996 0
1711607679203 1.3232366845851062 0
1711607679206 1.3208579529213722 0
1711607679208 1.3190641687957352 0
1711607679210 1.3173544677417084 0
1711607679211 1.3157800134637603 0
1711607679213 1.3140487990650465 0
1711607679215 1.3122556337224576 0
1711607679216 1.310028772975917 0
1711607679218 1.308321554054257 0
1711607679220 1.3066371796303196 0
1711607679221 1.3051551107322283 0
1711607679223 1.3030828128121061 0
1711607679225 1.3008053633462762 0
1711607679226 1.2991538078383287 0
1711607679228 1.297916331861992 0
1711607679230 1.2962698258294643 0
1711607679232 1.2954306932942994 0
1711607679233 1.2934128682937587 0
1711607679235 1.2916494835203358 0
1711607679237 1.2902628347336667 0
1711607679238 1.2885740272732655 0
1711607679240 1.2871522024031448 0
1711607679242 1.2860763368951065 0
1711607679243 1.2848864069798687 0
1711607679245 1.2835154241627689 0
1711607679253 1.282425668412485 0
1711607679256 1.281369134721035 0
1711607679259 1.2796957880121136 0
1711607679262 1.2777084158797394 0
1711607679266 1.2765104049284735 0
1711607679269 1.2756267561593568 0
1711607679273 1.2745021506640224 0
1711607679278 1.2723407345221425 0
1711607679282 1.271189494751564 0
1711607679286 1.2702991928582656 0
1711607679288 1.2697593636440505 0
1711607679289 1.268195229464094 0
1711607679290 1.2668763694964438 0
1711607679291 1.2658983814508122 0
1711607679292 1.2649634151329097 0
1711607679293 1.264069723850859 0
1711607679295 1.262909145071076 0
1711607679296 1.2622320152579052 0
1711607679297 1.260835671518344 0
1711607679298 1.26029887966572 0
1711607679299 1.259707327067803 0
1711607679300 1.2590333290516913 0
1711607679302 1.2582483785124907 0
1711607679303 1.2578590399239318 0
1711607679304 1.2567196361785353 0
1711607679305 1.2555313195282607 0
1711607679306 1.254624297659894 0
1711607679307 1.2542850624428081 0
1711607679309 1.2527766300930654 0
1711607679310 1.25166588946809 0
1711607679311 1.2500119972184995 0
