1711607670479 1.8481826909740102 0
1711607670481 1.8020468871876614 0
1711607670482 1.7587467273805923 0
1711607670483 1.7209115845832248 0
1711607670484 1.6853159863683174 0
1711607670485 1.6541638277698065 0
1711607670486 1.6247923941003335 0
1711607670487 1.5978839963748228 0
1711607670488 1.574515149676438 0
1711607670489 1.5524799185569684 0
1711607670490 1.5323253523808418 0
1711607670491 1.5143158770211498 0
1711607670492 1.4978072109288063 0
1711607670493 1.4830850164045795 0
1711607670494 1.4691263183701313 0
1711607670495 1.4560699652690625 0
1711607670496 1.4442337813457045 0
1711607670497 1.4334471602765317 0
1711607670497 1.423271289388137 0
1711607670498 1.414319833924171 0
1711607670499 1.4055132417469973 0
1711607670500 1.397522174675449 0
1711607670501 1.3901748645629983 0
1711607670502 1.3835487206461676 0
1711607670503 1.3772779819406882 0
1711607670504 1.3712915005998068 0
1711607670505 1.3657819438256664 0
1711607670506 1.3604247529816917 0
1711607670507 1.3556077158824806 0
1711607670508 1.3510401854196634 0
1711607670509 1.3467818304655221 0
1711607670510 1.3429876241785736 0
1711607670511 1.3390951843422096 0
1711607670512 1.3352077460190572 0
1711607670513 1.3319772845456967 0
1711607670514 1.3287036104188419 0
1711607670515 1.3254798494925057 0
1711607670516 1.3225271970774855 0
1711607670517 1.3196990985597643 0
1711607670518 1.3176019278025417 0
1711607670519 1.313424012868585 0
1711607670520 1.311033340432852 0
1711607670521 1.3082825303812482 0
1711607670521 1.305699582557752 0
1711607670522 1.3025145663302369 0
1711607670523 1.300189757202729 0
1711607670524 1.2979338741691204 0
1711607670525 1.2954296701984984 0
1711607670526 1.292138787057795 0
1711607670527 1.2903260880620404 0
1711607670528 1.2883527908036103 0
1711607670529 1.2864568180853504 0
1711607670530 1.284924939623747 0
1711607670531 1.2825729602586067 0
1711607670532 1.2809479537702122 0
1711607670533 1.279356372994527 0
1711607670534 1.2776405804774649 0
1711607670535 1.2762151212531125 0
1711607670536 1.2735868574098048 0
1711607670537 1.2708749773383146 0
1711607670537 1.269460536991475 0
1711607670538 1.2672054765389453 0
1711607670539 1.265458124076823 0
1711607670540 1.264387993644899 0
1711607670541 1.262451671498682 0
1711607670542 1.261162775390181 0
1711607670543 1.2599924684044554 0
1711607670544 1.2585475303111828 0
1711607670545 1.256560712895652 0
1711607670546 1.2555712447179705 0
1711607670547 1.2546762778160085 0
1711607670548 1.2525206710351857 0
1711607670549 1.25166742631431 0
1711607670551 1.250314822155929 0
1711607670552 1.2489757182863792 0
1711607670553 1.2481591122806095 0
1711607670554 1.2464706099267382 0
1711607670555 1.2455897348746539 0
1711607670555 1.2446551169686095 0
1711607670556 1.243895042623351 0
1711607670557 1.2425631007056213 0
1711607670558 1.2410554531698388 0
1711607670559 1.2400872024395808 0
1711607670560 1.2392647602692255 0
1711607670561 1.2378821959503457 0
1711607670562 1.2366634305313018 0
1711607670563 1.2354391905814455 0
1711607670564 1.234499311026048 0
1711607670565 1.233411126902561 0
1711607670566 1.2322960247083343 0
1711607670567 1.231431505597102 0
1711607670568 1.2304735653863048 0
1711607670570 1.2295551701119831 0
1711607670581 1.2291534312026053 0
1711607670583 1.2285131928360598 0
1711607670585 1.2276037672424267 0
1711607670588 1.2267797370303184 0
1711607670589 1.2260226011033326 0
1711607670591 1.2254023740988262 0
1711607670593 1.2247147731518895 0
