1711607710633 1.809809904507418 0
1711607710634 1.7374352348411297 0
1711607710636 1.6769649748237627 0
1711607710637 1.626815063527849 0
1711607710639 1.5868766974024178 0
1711607710640 1.5504301827931122 0
1711607710641 1.5218132189933837 0
1711607710642 1.4964329517790997 0
1711607710644 1.4751585068094941 0
1711607710645 1.45784344170383 0
1711607710646 1.4432185059352942 0
1711607710648 1.43180320449585 0
1711607710649 1.4197190084013744 0
1711607710650 1.4111302427508132 0
1711607710652 1.4030957483375315 0
1711607710653 1.3970110022459763 0
1711607710654 1.3894140699611486 0
1711607710656 1.384575465851122 0
1711607710657 1.3785276977190435 0
1711607710658 1.3742111833731874 0
1711607710660 1.3674745200275829 0
1711607710661 1.3638209053893582 0
1711607710662 1.360074753670951 0
1711607710664 1.3569641308546248 0
1711607710665 1.3526571632600568 0
1711607710666 1.3502916292600295 0
1711607710667 1.345741903073475 0
1711607710669 1.3424523231903276 0
1711607710670 1.3394313006226313 0
1711607710671 1.3371177654615602 0
1711607710672 1.334278916038257 0
1711607710674 1.3319207494976788 0
1711607710675 1.330457904120887 0
1711607710676 1.328777085805621 0
1711607710677 1.3267342357085983 0
1711607710679 1.3250461071640267 0
1711607710684 1.323784097781993 0
1711607710685 1.3212601702098226 0
1711607710686 1.3200517721064715 0
1711607710687 1.3180988731211423 0
1711607710688 1.3165661602290772 0
1711607710690 1.3140662271332204 0
1711607710691 1.3127176267268115 0
1711607710692 1.3105698839494044 0
1711607710693 1.308919199259557 0
1711607710694 1.3078867583367266 0
1711607710696 1.3067215519233764 0
1711607710697 1.3053048343525635 0
1711607710698 1.3044163980211847 0
1711607710699 1.301699854923576 0
1711607710701 1.2996488416990226 0
1711607710702 1.2983777539830126 0
1711607710704 1.2976338285713953 0
1711607710705 1.2968071558453007 0
1711607710706 1.2954695652593542 0
1711607710716 1.294760499981084 0
1711607710717 1.2940971879997958 0
1711607710718 1.2932761137322095 0
1711607710720 1.2921120323556365 0
1711607710721 1.291413718295822 0
1711607710722 1.2906666413359025 0
1711607710724 1.2892161206495685 0
1711607710725 1.2885896299662611 0
1711607710726 1.2877425709506902 0
1711607710728 1.2869174861743995 0
1711607710729 1.2860758389658036 0
1711607710731 1.2852920930978453 0
1711607710732 1.2840967244380734 0
1711607710735 1.2828990268559348 0
1711607710737 1.2824445885023623 0
1711607710738 1.281379442475065 0
1711607710740 1.278687155011456 0
1711607710741 1.276525935714961 0
1711607710743 1.2761108597552668 0
1711607710744 1.275453294986042 0
1711607710746 1.2744195055924188 0
1711607710747 1.2739605546179615 0
1711607710749 1.273215255731547 0
1711607710750 1.272785337732199 0
1711607710752 1.272360125734599 0
1711607710754 1.27165010705737 0
1711607710755 1.2710337976924975 0
1711607710757 1.2703712515599894 0
1711607710758 1.2697328565058037 0
1711607710760 1.2683808644102834 0
1711607710761 1.2652169976611416 0
1711607710763 1.2625477699353362 0
1711607710765 1.2619694709208922 0
1711607710766 1.2613854075892164 0
1711607710768 1.2611917876289342 0
1711607710769 1.2590742028167727 0
1711607710771 1.2570684134696126 0
1711607710773 1.256565205251428 0
1711607710774 1.255711053593453 0
1711607710776 1.254140505434347 0
1711607710777 1.2537649026474134 0
1711607710779 1.2517182701558858 0
1711607710780 1.2508935310834388 0
1711607710781 1.2491765177821967 0
1711607710783 1.2479824067050016 0
