1711607650567 1.8596206245105111 0
1711607650568 1.8252242467821385 0
1711607650569 1.7920023527842885 0
1711607650570 1.7621256510840968 0
1711607650572 1.7352656955964358 0
1711607650573 1.7104690176311772 0
1711607650574 1.687946450186517 0
1711607650574 1.6647834113118047 0
1711607650575 1.6444661128631377 0
1711607650576 1.6283031821711564 0
1711607650577 1.611047883395222 0
1711607650578 1.5949764788148768 0
1711607650579 1.580685030424583 0
1711607650580 1.5690031033236058 0
1711607650581 1.5590914404781389 0
1711607650582 1.5470532497336178 0
1711607650583 1.5359967218264925 0
1711607650584 1.5256569993142022 0
1711607650585 1.5171120030536696 0
1711607650586 1.5088574087245503 0
1711607650587 1.5008052659021982 0
1711607650588 1.4938980960061905 0
1711607650589 1.4872248429178694 0
1711607650590 1.4808847462566883 0
1711607650591 1.4751073609805179 0
1711607650592 1.4694387810267968 0
1711607650593 1.4647609106066712 0
1711607650594 1.4609846635193222 0
1711607650595 1.45654293375731 0
1711607650595 1.4529723656490336 0
1711607650596 1.448879311995704 0
1711607650597 1.4443796107692797 0
1711607650598 1.4414186652953764 0
1711607650599 1.4386493632930533 0
1711607650600 1.4360672521410707 0
1711607650601 1.4331774218419666 0
1711607650602 1.4305933858517552 0
1711607650603 1.4274092923768176 0
1711607650604 1.4252913353363743 0
1711607650605 1.4234014562999366 0
1711607650606 1.4215891486600376 0
1711607650607 1.419887856456492 0
1711607650608 1.4179309497363297 0
1711607650609 1.4161558130401295 0
1711607650610 1.4142148658363956 0
1711607650611 1.4117684136097497 0
1711607650612 1.4099756837591972 0
1711607650613 1.408395545653135 0
1711607650614 1.4072072988390443 0
1711607650615 1.4059157985796735 0
1711607650616 1.4038985306864362 0
1711607650616 1.4027246829183326 0
1711607650617 1.4014799060317877 0
1711607650618 1.3998941568265777 0
1711607650619 1.3986292373000724 0
1711607650620 1.3969012848061548 0
1711607650621 1.39546390598886 0
1711607650622 1.3945106847066646 0
1711607650623 1.3929607552789813 0
1711607650624 1.3920971477220685 0
1711607650625 1.391290531832045 0
1711607650626 1.3901909117282591 0
1711607650627 1.38947195965389 0
1711607650628 1.3881470282458992 0
1711607650629 1.3874751926752669 0
1711607650630 1.3866889755241405 0
1711607650631 1.3857383883964969 0
1711607650631 1.385027905422339 0
1711607650632 1.3842265427980285 0
1711607650633 1.3836596057158665 0
1711607650634 1.3829263657827007 0
1711607650635 1.382012435370531 0
1711607650636 1.3813991192988198 0
1711607650637 1.3806994949771179 0
1711607650639 1.3797691249029835 0
1711607650640 1.3792238051601808 0
1711607650641 1.3785349266857125 0
1711607650642 1.3778495051488162 0
1711607650643 1.377207173529706 0
1711607650644 1.3764534024171196 0
1711607650645 1.375882394737428 0
1711607650646 1.37501364540881 0
1711607650647 1.3744555564268517 0
1711607650647 1.374163315933486 0
1711607650648 1.373323147492298 0
1711607650649 1.372643217829894 0
1711607650650 1.3722169221467344 0
1711607650651 1.3716126896257679 0
1711607650652 1.3710068431649374 0
1711607650653 1.3701731811380968 0
1711607650654 1.3698519246149388 0
1711607650655 1.3691881926216405 0
1711607650656 1.3683922795710393 0
1711607650657 1.3676761394520505 0
1711607650658 1.3672465757381513 0
1711607650659 1.3668146373139995 0
1711607650660 1.3662331069431026 0
1711607650661 1.3658096828764077 0
1711607650662 1.3654484370795696 0
1711607650663 1.3650835238207486 0
