1711607691348 1.8486781244704669 0
1711607691349 1.7989389347816718 0
1711607691351 1.7568134250766423 0
1711607691352 1.7182058735619976 0
1711607691353 1.6846213760470532 0
1711607691354 1.6514541174463033 0
1711607691355 1.6207976153765227 0
1711607691357 1.5924196261184305 0
1711607691358 1.568990610316566 0
1711607691359 1.5448478096741145 0
1711607691360 1.52231525528014 0
1711607691361 1.5017359026833648 0
1711607691362 1.4835759590022612 0
1711607691364 1.4671407885793433 0
1711607691365 1.4508019969683548 0
1711607691366 1.4361634217109254 0
1711607691367 1.4234638006739484 0
1711607691368 1.4119230935000922 0
1711607691369 1.4002983149739212 0
1711607691371 1.3882838082760611 0
1711607691372 1.379207356878412 0
1711607691373 1.3696957853744791 0
1711607691374 1.3614314397625549 0
1711607691375 1.3543879014055114 0
1711607691376 1.346249144695584 0
1711607691377 1.3398214913747135 0
1711607691379 1.333399355437167 0
1711607691380 1.3268431479023737 0
1711607691381 1.3218259348759076 0
1711607691382 1.3174026827515004 0
1711607691383 1.312861971026595 0
1711607691384 1.307818078959965 0
1711607691385 1.3034537166448075 0
1711607691387 1.2991800212945375 0
1711607691388 1.2946517183852972 0
1711607691389 1.2908145804453741 0
1711607691390 1.287252786968385 0
1711607691391 1.2834474415201298 0
1711607691392 1.2793444224835684 0
1711607691394 1.2767491436983023 0
1711607691395 1.2720946827455466 0
1711607691396 1.268778012392259 0
1711607691397 1.2658157191855308 0
1711607691398 1.2636976667850814 0
1711607691400 1.2608484495603727 0
1711607691401 1.2578433690894433 0
1711607691402 1.2554896408391678 0
1711607691403 1.252193253110228 0
1711607691405 1.2499757002800649 0
1711607691406 1.2475335236636913 0
1711607691407 1.2449480292228121 0
1711607691408 1.2426374514051965 0
1711607691410 1.2400596192904694 0
1711607691411 1.2376029121968304 0
1711607691412 1.2356903088586557 0
1711607691413 1.2332543931318722 0
1711607691414 1.2312123824415913 0
1711607691416 1.2283107228512764 0
1711607691417 1.2263936204671475 0
1711607691418 1.22381964881868 0
1711607691419 1.2216951620461995 0
1711607691421 1.2188455660164492 0
1711607691422 1.2159657205394268 0
1711607691423 1.2144983746370501 0
1711607691424 1.2122833665850583 0
1711607691426 1.2105496311125519 0
1711607691427 1.208624309121045 0
1711607691428 1.2072178524157735 0
1711607691429 1.2047801308509853 0
1711607691431 1.2018950848499979 0
1711607691432 1.2003515462237047 0
1711607691433 1.1989741177182598 0
1711607691435 1.1976239183253534 0
1711607691436 1.1965433175902056 0
1711607691437 1.1944014603287385 0
1711607691439 1.1930293340347564 0
1711607691440 1.191314769773774 0
1711607691441 1.1898871289510815 0
1711607691443 1.1877994704206396 0
1711607691444 1.1854077505820375 0
1711607691445 1.1833846280920826 0
1711607691447 1.181993150406405 0
1711607691448 1.1801645473434728 0
1711607691449 1.178412934412785 0
1711607691451 1.1772904015298813 0
1711607691452 1.1753675931459628 0
1711607691453 1.1733144599789456 0
1711607691455 1.1723352375269025 0
1711607691456 1.1717244499435655 0
1711607691457 1.1703346326032265 0
1711607691459 1.1689193205181787 0
1711607691460 1.167584657028639 0
1711607691462 1.166915144815867 0
1711607691463 1.1662892926121695 0
1711607691464 1.1653855240318918 0
1711607691465 1.1641226886922706 0
1711607691466 1.1625435478205555 0
1711607691468 1.1619193089437923 0
1711607691469 1.161176178450997 0
1711607691470 1.1602904105307086 0
