1711607694023 1.8194668468767294 0
1711607694025 1.7529985058090163 0
1711607694026 1.6991230934775565 0
1711607694028 1.6544042114812956 0
1711607694029 1.6169831160763066 0
1711607694032 1.5849790657047618 0
1711607694033 1.5590605563098938 0
1711607694035 1.536612525542915 0
1711607694036 1.5180193996338573 0
1711607694038 1.502865023090887 0
1711607694039 1.4886329166842986 0
1711607694041 1.4778405236846668 0
1711607694042 1.4670419025530212 0
1711607694044 1.4586272287144637 0
1711607694045 1.4520793567876393 0
1711607694047 1.4452295680742366 0
1711607694048 1.4374204849593453 0
1711607694050 1.432444646619426 0
1711607694051 1.4268060670062435 0
1711607694053 1.4229655639539895 0
1711607694054 1.4178574262525399 0
1711607694056 1.414849726449638 0
1711607694057 1.4108749036015533 0
1711607694059 1.4076966517453078 0
1711607694060 1.4050079428474898 0
1711607694062 1.4007815477049264 0
1711607694063 1.3982180445658898 0
1711607694065 1.3962428768572273 0
1711607694066 1.3926164578055564 0
1711607694068 1.3904384049173397 0
1711607694069 1.3887897712329997 0
1711607694071 1.387002756902819 0
1711607694072 1.3847796153317804 0
1711607694073 1.382781488941326 0
1711607694075 1.3811737899683447 0
1711607694076 1.38013623437307 0
1711607694078 1.3785797241235502 0
1711607694079 1.377219727528212 0
1711607694081 1.3761992253994504 0
1711607694082 1.3743369800126561 0
1711607694084 1.3719148327317892 0
1711607694085 1.3705027597013786 0
1711607694087 1.3684226562581197 0
1711607694088 1.3673359396991687 0
1711607694090 1.366598312789274 0
1711607694091 1.3652750216203453 0
1711607694093 1.364367934540445 0
1711607694094 1.3635034558240697 0
1711607694095 1.3623490950923125 0
1711607694097 1.3613043392956787 0
1711607694098 1.3605767822946748 0
1711607694100 1.359998456907452 0
1711607694101 1.3589237724658627 0
1711607694103 1.357540021770779 0
1711607694104 1.3560068084946588 0
1711607694106 1.355080122161377 0
1711607694107 1.3544726687874327 0
1711607694109 1.3537300913620172 0
1711607694110 1.3525689590143997 0
1711607694112 1.3513293919021254 0
1711607694113 1.350779062283423 0
1711607694115 1.350082527098798 0
1711607694116 1.3494190672444673 0
1711607694118 1.3485446149564126 0
1711607694119 1.3478247195844615 0
1711607694121 1.3472908410058961 0
1711607694122 1.3460424470900045 0
1711607694124 1.3451803365042034 0
1711607694125 1.3446001677667083 0
1711607694126 1.3439918941534494 0
1711607694128 1.3435585088308482 0
1711607694129 1.3431464738994585 0
1711607694131 1.3415494364261926 0
1711607694132 1.341138840889683 0
1711607694134 1.3401630569369396 0
1711607694136 1.339668802888411 0
1711607694138 1.3393059816244655 0
1711607694140 1.3383472345719518 0
1711607694142 1.337585745560473 0
1711607694144 1.3371502785738776 0
1711607694145 1.3358780486225685 0
1711607694147 1.3348032906473617 0
1711607694149 1.3341615308972812 0
1711607694151 1.333858158711267 0
1711607694153 1.3336132181404188 0
1711607694155 1.3333760875145706 0
1711607694157 1.3328519199705944 0
1711607694159 1.331912032117692 0
1711607694161 1.3313843624215649 0
1711607694162 1.331163608638084 0
1711607694164 1.3307449931813506 0
1711607694166 1.3300811096911636 0
1711607694168 1.32990557666266 0
1711607694170 1.3297275238285788 0
1711607694172 1.3290925508135816 0
1711607694173 1.3278965799325562 0
1711607694175 1.3271190246991813 0
1711607694177 1.3264606561619017 0
1711607694178 1.3249689920389296 0
1711607694179 1.323970292447107 0
