1711607667111 1.8569464674504785 0
1711607667112 1.8155233190158289 0
1711607667113 1.7775575590276387 0
1711607667115 1.7490937218468985 0
1711607667118 1.7216583626285755 0
1711607667119 1.693518757683403 0
1711607667120 1.6706473525654704 0
1711607667121 1.6465260106862505 0
1711607667122 1.6272888735374826 0
1711607667123 1.607687577789907 0
1711607667124 1.592608911281509 0
1711607667125 1.5798995279666597 0
1711607667126 1.5650708852332118 0
1711607667127 1.54899326449739 0
1711607667128 1.5350819630360186 0
1711607667129 1.5227052403914811 0
1711607667130 1.5109722851197191 0
1711607667131 1.5015406027346219 0
1711607667132 1.490816275194249 0
1711607667133 1.4817152484510931 0
1711607667134 1.4734394259191317 0
1711607667135 1.4657138199917679 0
1711607667136 1.458137015585211 0
1711607667138 1.4506698846100143 0
1711607667140 1.4436549075636913 0
1711607667141 1.437320544427589 0
1711607667142 1.4320502349992925 0
1711607667144 1.4259307912573083 0
1711607667145 1.4205773235690005 0
1711607667146 1.4162439391500194 0
1711607667148 1.4126173139042377 0
1711607667149 1.4086092728376354 0
1711607667150 1.4054320205796103 0
1711607667151 1.4022287798556887 0
1711607667153 1.3979722878787395 0
1711607667155 1.3955580659641451 0
1711607667156 1.3932286069485031 0
1711607667157 1.3902492322309719 0
1711607667159 1.387303713624913 0
1711607667160 1.3848592658299697 0
1711607667163 1.3822712469473863 0
1711607667164 1.3797794041961189 0
1711607667165 1.3773307810459305 0
1711607667166 1.3756141684903027 0
1711607667168 1.3736419989551374 0
1711607667169 1.3708904821441834 0
1711607667170 1.3689755660470375 0
1711607667171 1.3672024191487788 0
1711607667172 1.3656072086830988 0
1711607667174 1.3643770662874768 0
1711607667175 1.363429465759059 0
1711607667176 1.3618056296830205 0
1711607667177 1.3597081654738938 0
1711607667178 1.3582665346682992 0
1711607667180 1.3566428216553832 0
1711607667181 1.3553253530811038 0
1711607667182 1.3540955672914163 0
1711607667183 1.35320245223514 0
1711607667184 1.3518223054112126 0
1711607667186 1.3504034851935163 0
1711607667187 1.349200899465037 0
1711607667189 1.3479680903367677 0
1711607667190 1.3467235985584292 0
1711607667191 1.3456600653076853 0
1711607667193 1.3438217145806393 0
1711607667194 1.3430049355947435 0
1711607667196 1.3418189949300554 0
1711607667197 1.3408270214227749 0
1711607667198 1.3398399051280943 0
1711607667199 1.338737526470309 0
1711607667201 1.3379688685661697 0
1711607667202 1.3365395733653396 0
1711607667203 1.3357405669815754 0
1711607667205 1.334942568945149 0
1711607667206 1.3340605261712206 0
1711607667208 1.333478828826592 0
1711607667209 1.3326910470313567 0
1711607667211 1.332122853970239 0
1711607667213 1.3314896426195726 0
1711607667214 1.329887263607367 0
1711607667216 1.3291841614649447 0
1711607667218 1.3283640179131395 0
1711607667219 1.3276367215651639 0
1711607667221 1.326061497920214 0
1711607667222 1.3249336740353177 0
1711607667223 1.3242891602397948 0
1711607667224 1.323861457855384 0
1711607667224 1.3231950558123278 0
1711607667225 1.3223509808193743 0
1711607667226 1.3218323337219129 0
1711607667227 1.3212780291237258 0
1711607667228 1.320731168184702 0
1711607667229 1.3203448848239066 0
1711607667230 1.3198501593207141 0
1711607667231 1.3192080625673155 0
1711607667232 1.3184724503231937 0
1711607667233 1.3180524061311643 0
1711607667234 1.317295666206182 0
1711607667235 1.3165260420805454 0
1711607667236 1.3158135252674428 0
