1711607728545 1.789368254453427 0
1711607728546 1.6996054005813441 0
1711607728548 1.6274955708985874 0
1711607728549 1.5682913485812098 0
1711607728550 1.5155054914410258 0
1711607728551 1.4741248114040146 0
1711607728552 1.441599019443796 0
1711607728553 1.4103975046302677 0
1711607728554 1.386795520692692 0
1711607728555 1.3639268275047658 0
1711607728556 1.3467253788008073 0
1711607728557 1.332246044049375 0
1711607728558 1.3187879728693417 0
1711607728559 1.3072884505738498 0
1711607728560 1.2976176104117068 0
1711607728561 1.2869861774392566 0
1711607728562 1.2762681405952387 0
1711607728563 1.266576766787497 0
1711607728565 1.2604899661549087 0
1711607728566 1.2523289711207772 0
1711607728567 1.2449760360218505 0
1711607728568 1.2384587408856103 0
1711607728569 1.233895498386257 0
1711607728570 1.2283825807489017 0
1711607728571 1.2230087961990417 0
1711607728572 1.2167328433984053 0
1711607728573 1.2121425037333546 0
1711607728574 1.2084470834252716 0
1711607728575 1.2045770611349167 0
1711607728576 1.1984696217014887 0
1711607728577 1.190015121221784 0
1711607728578 1.186598135025565 0
1711607728579 1.1796704928913808 0
1711607728581 1.1768473430513682 0
1711607728582 1.1710618261498613 0
1711607728583 1.1670201635799884 0
1711607728584 1.1626512357015835 0
1711607728585 1.1594885637571404 0
1711607728586 1.1561809966888847 0
1711607728587 1.1534602036069608 0
1711607728588 1.1496754369646969 0
1711607728589 1.147326998250876 0
1711607728590 1.1430594890090662 0
1711607728591 1.1410572886417094 0
1711607728592 1.1382561208250812 0
1711607728593 1.134874678034078 0
1711607728594 1.1303781838185964 0
1711607728595 1.1276078159289413 0
1711607728596 1.1244708694492078 0
1711607728597 1.1239152840593631 0
1711607728599 1.1195554754387518 0
1711607728600 1.1166857065026703 0
1711607728601 1.1133876854805986 0
1711607728602 1.112943088511837 0
1711607728603 1.1096598860741682 0
1711607728604 1.107269017666469 0
1711607728605 1.1067910612813858 0
1711607728606 1.1043547112123933 0
1711607728607 1.1039570936143737 0
1711607728608 1.1022228645403789 0
1711607728609 1.0979659722443955 0
1711607728610 1.0961243921303345 0
1711607728612 1.0957851279443782 0
1711607728613 1.0937436114092312 0
1711607728615 1.093536611587533 0
1711607728616 1.091721665849604 0
1711607728617 1.0914587844553276 0
1711607728618 1.0869115689307893 0
1711607728619 1.085239021211462 0
1711607728620 1.0812392496662335 0
1711607728621 1.0793166117586839 0
1711607728622 1.0770277584450798 0
1711607728623 1.0751092214396871 0
1711607728624 1.069706382143457 0
1711607728625 1.067313058615189 0
1711607728626 1.0643124190220203 0
1711607728627 1.0629125965831492 0
1711607728628 1.0591022435206483 0
1711607728630 1.058114735227944 0
1711607728631 1.0578782289622386 0
1711607728633 1.0569700153753958 0
1711607728634 1.056761946653942 0
1711607728636 1.055826571163489 0
1711607728637 1.0535335578119023 0
1711607728639 1.052507173380344 0
1711607728640 1.048666646069773 0
1711607728641 1.0478249499126817 0
1711607728642 1.0442257631537997 0
1711607728643 1.0435326468568429 0
1711607728644 1.0402130995835417 0
1711607728645 1.0394952225298246 0
1711607728646 1.0384141735051755 0
1711607728647 1.0379738527870344 0
1711607728648 1.0374178015509143 0
1711607728649 1.0373398967229157 0
1711607728650 1.0340577869981218 0
1711607728651 1.032493473259399 0
1711607728653 1.0298118913411678 0
1711607728654 1.0279436478362238 0
1711607728655 1.0268595619903225 0
