1711607610128 1.8931913227565995 0
1711607610129 1.8853197476242098 0
1711607610131 1.8784173586495139 0
1711607610132 1.8717355446006572 0
1711607610133 1.8668142966264478 0
1711607610134 1.8620678220212015 0
1711607610135 1.8542494658268165 0
1711607610136 1.8479344789889225 0
1711607610137 1.8439928130942298 0
1711607610137 1.8378303983214739 0
1711607610138 1.8315102845367797 0
1711607610139 1.826117454465387 0
1711607610140 1.8192855423691279 0
1711607610141 1.8132631063626476 0
1711607610142 1.8065196489013788 0
1711607610143 1.8005070580242974 0
1711607610144 1.7940410653499144 0
1711607610145 1.787604161708836 0
1711607610146 1.7816555352348007 0
1711607610147 1.7753443455182556 0
1711607610148 1.7701261986905057 0
1711607610148 1.764017467947581 0
1711607610149 1.759449664245042 0
1711607610150 1.7539945215307624 0
1711607610151 1.7507539103058087 0
1711607610152 1.74517567849102 0
1711607610153 1.7397944323637546 0
1711607610154 1.736034371751916 0
1711607610155 1.7309879503091659 0
1711607610156 1.7264850176109756 0
1711607610157 1.7225420187350637 0
1711607610158 1.719841186716272 0
1711607610159 1.7152324224526763 0
1711607610160 1.7113329888343418 0
1711607610160 1.7084750281267322 0
1711607610161 1.7040649414961604 0
1711607610162 1.6997193698522313 0
1711607610163 1.6969022454986513 0
1711607610164 1.6924368391137194 0
1711607610165 1.688261211807439 0
1711607610166 1.6856544265469613 0
1711607610167 1.6828616690425515 0
1711607610168 1.679646533731352 0
1711607610169 1.6757043776039027 0
1711607610170 1.673745442525849 0
1711607610171 1.671174436503726 0
1711607610171 1.6673716439531154 0
1711607610172 1.663303387873175 0
1711607610173 1.6593965921598923 0
1711607610174 1.655884381908276 0
1711607610175 1.652224693712873 0
1711607610176 1.648265684044625 0
1711607610177 1.6448822160649164 0
1711607610178 1.6423341504636013 0
1711607610179 1.6389914904940792 0
1711607610180 1.6366418098046391 0
1711607610181 1.6342759210711468 0
1711607610182 1.6318640050921729 0
1711607610183 1.62958349193022 0
1711607610184 1.6263322517391205 0
1711607610185 1.622926370794418 0
1711607610186 1.619992352592497 0
1711607610187 1.6181495729335897 0
1711607610188 1.6164889448102002 0
1711607610189 1.6137142505560205 0
1711607610190 1.6116968269476615 0
1711607610190 1.60965694363091 0
1711607610191 1.6062445286058342 0
1711607610192 1.6044900765764105 0
1711607610193 1.6012579382816559 0
1711607610194 1.5981035260123657 0
1711607610195 1.595577928446603 0
1711607610196 1.5939250048373406 0
1711607610197 1.591286437516742 0
1711607610198 1.5883168820982632 0
1711607610199 1.5854874842969038 0
1711607610200 1.5827867678453602 0
1711607610201 1.5808791298666827 0
1711607610202 1.5782850034003904 0
1711607610203 1.5760372335971362 0
1711607610204 1.5737759483949088 0
1711607610205 1.571516695439793 0
1711607610205 1.569700802420837 0
1711607610206 1.567972001312821 0
1711607610207 1.5660699555604385 0
1711607610208 1.563822648844914 0
1711607610209 1.5615424500271349 0
1711607610210 1.560121459732937 0
1711607610211 1.5578126484808485 0
1711607610212 1.5555842210801787 0
1711607610213 1.553378543298302 0
1711607610214 1.5516762741511239 0
1711607610215 1.5499455769981778 0
1711607610216 1.5478946167348937 0
1711607610217 1.5457848784515524 0
1711607610218 1.544336710661132 0
1711607610219 1.5423723523309576 0
1711607610219 1.5406332335624198 0
1711607610220 1.5386787000370845 0
1711607610221 1.5368296340910486 0
