1711607688398 1.845241262372206 0
1711607688399 1.7957121215709517 0
1711607688401 1.7528829585373997 0
1711607688402 1.7110921790039957 0
1711607688403 1.673693011359848 0
1711607688404 1.6418593927491427 0
1711607688405 1.6099896209548068 0
1711607688406 1.5823846722924422 0
1711607688407 1.555227370315556 0
1711607688408 1.5303728267064272 0
1711607688409 1.50760387493446 0
1711607688410 1.4881394912424677 0
1711607688411 1.4698951518633216 0
1711607688412 1.453414937909673 0
1711607688413 1.4382669776480108 0
1711607688414 1.424391960481648 0
1711607688415 1.4100683146341524 0
1711607688416 1.39860383878 0
1711607688418 1.3879170501941425 0
1711607688419 1.377662208377222 0
1711607688420 1.3675762778105642 0
1711607688421 1.3588149543542383 0
1711607688422 1.351227312738874 0
1711607688423 1.3425666753215426 0
1711607688424 1.3358497435150662 0
1711607688425 1.3281176710144396 0
1711607688426 1.3221981857124196 0
1711607688427 1.3162019171076986 0
1711607688428 1.3098154544882266 0
1711607688429 1.30489982091107 0
1711607688430 1.2996990165461633 0
1711607688431 1.2948893031627302 0
1711607688432 1.2898735350289985 0
1711607688433 1.2857130357428255 0
1711607688434 1.2814703400093486 0
1711607688435 1.275388502591264 0
1711607688436 1.2721413483293929 0
1711607688438 1.2687609638743156 0
1711607688439 1.2645364838269928 0
1711607688440 1.2602320061053989 0
1711607688441 1.2562750780660006 0
1711607688442 1.2533298438669551 0
1711607688443 1.250351948845389 0
1711607688444 1.2467995692854001 0
1711607688445 1.2433968454237045 0
1711607688446 1.2408562725508983 0
1711607688447 1.238129637927638 0
1711607688448 1.2352798047338132 0
1711607688449 1.2321414337633505 0
1711607688450 1.229308278917583 0
1711607688451 1.226418272596388 0
1711607688452 1.2244840713931067 0
1711607688453 1.2219267228104125 0
1711607688454 1.2186048240162555 0
1711607688456 1.2160240024054882 0
1711607688457 1.213250887846907 0
1711607688458 1.2104991803507994 0
1711607688459 1.2083424915515462 0
1711607688460 1.206396825315085 0
1711607688461 1.2040407519997758 0
1711607688462 1.2021785604112873 0
1711607688463 1.2001182377602255 0
1711607688464 1.1984804473474384 0
1711607688465 1.1962052298137096 0
1711607688466 1.1942964562347143 0
1711607688467 1.192020008874188 0
1711607688469 1.1895868950360469 0
1711607688470 1.1870089762493454 0
1711607688471 1.184715118825697 0
1711607688472 1.1824302502094552 0
1711607688473 1.1804556516943034 0
1711607688474 1.1783279467141887 0
1711607688475 1.1765854809820977 0
1711607688476 1.1747732609577894 0
1711607688477 1.1733265940320177 0
1711607688478 1.1722030344960033 0
1711607688479 1.169945127430299 0
1711607688480 1.168496369821254 0
1711607688481 1.1669307250285526 0
1711607688482 1.1648356322088524 0
1711607688483 1.1631857093077345 0
1711607688484 1.1602923541598715 0
1711607688485 1.1590162380351616 0
1711607688486 1.1586341077953766 0
1711607688487 1.155852455096769 0
1711607688489 1.1545772082894241 0
1711607688490 1.1527265826505824 0
1711607688491 1.1518801875771902 0
1711607688492 1.1507291431458468 0
1711607688493 1.1495701082290792 0
1711607688494 1.1485890993656143 0
1711607688495 1.1471961755685314 0
1711607688496 1.1450858232013916 0
1711607688497 1.144048987803095 0
1711607688498 1.1433333358937021 0
1711607688499 1.1410519309703613 0
1711607688500 1.1391280633395773 0
1711607688501 1.1386127763293583 0
1711607688502 1.1367892321743287 0
1711607688503 1.135379199994986 0
