1711607725134 1.8083263105763046 0
1711607725135 1.7290132712128001 0
1711607725137 1.6853309126380724 0
1711607725138 1.6276933718179554 0
1711607725139 1.5810827745177172 0
1711607725141 1.5508721625183637 0
1711607725146 1.518979490225913 0
1711607725147 1.491817549556177 0
1711607725149 1.4692237431309496 0
1711607725150 1.4466588507295244 0
1711607725151 1.42752112226508 0
1711607725153 1.4116295727043189 0
1711607725154 1.3969411735099238 0
1711607725155 1.3885588814541328 0
1711607725156 1.3778508131406546 0
1711607725158 1.3683195392585437 0
1711607725159 1.360227214527127 0
1711607725160 1.351546656678297 0
1711607725161 1.3464355765326061 0
1711607725162 1.339569369961565 0
1711607725164 1.335740018071877 0
1711607725165 1.3309995674616142 0
1711607725166 1.3258695244436756 0
1711607725167 1.3207234793446345 0
1711607725168 1.3158594742294734 0
1711607725170 1.3119097071585593 0
1711607725171 1.3079029778668023 0
1711607725172 1.3033511512970788 0
1711607725173 1.299481978610243 0
1711607725175 1.2965070136996049 0
1711607725176 1.2938820023841422 0
1711607725177 1.2910516254637738 0
1711607725178 1.285926257141047 0
1711607725180 1.2819774516756097 0
1711607725181 1.27886684261844 0
1711607725182 1.27629673098367 0
1711607725183 1.27385728936467 0
1711607725185 1.2716689851592442 0
1711607725189 1.2694281764380566 0
1711607725194 1.2677437085146723 0
1711607725195 1.2660315920995355 0
1711607725197 1.263420369557491 0
1711607725199 1.2619307662466275 0
1711607725205 1.2597257282091723 0
1711607725206 1.2571484305473035 0
1711607725207 1.2548163832373667 0
1711607725209 1.253174529948328 0
1711607725210 1.2514722618207856 0
1711607725212 1.250561928674296 0
1711607725214 1.2486019462541942 0
1711607725215 1.2478354542134058 0
1711607725216 1.2444752565061155 0
1711607725217 1.2434544327225403 0
1711607725219 1.2422062076539149 0
1711607725220 1.2412078657475574 0
1711607725221 1.2382880592705874 0
1711607725223 1.2361242127059457 0
1711607725224 1.2356188583363694 0
1711607725225 1.2342628310945885 0
1711607725230 1.23333867660632 0
1711607725231 1.2320393854469203 0
1711607725233 1.2309455761383812 0
1711607725234 1.2294138379788617 0
1711607725235 1.2288009564880962 0
1711607725237 1.2273703968297551 0
1711607725240 1.2257707278212544 0
1711607725241 1.2250675983417028 0
1711607725246 1.2232020632434084 0
1711607725248 1.222036895889775 0
1711607725250 1.2203326845839848 0
1711607725255 1.2188524914908523 0
1711607725258 1.218430481383216 0
1711607725260 1.216963340802188 0
1711607725263 1.2139292207732244 0
1711607725265 1.2117819430923726 0
1711607725267 1.2105073959770971 0
1711607725268 1.2077272035071933 0
1711607725270 1.2059607513407762 0
1711607725271 1.2056755773835033 0
1711607725273 1.2054058012034812 0
1711607725274 1.2047492713697219 0
1711607725276 1.2038997685032387 0
1711607725278 1.2029125756299508 0
1711607725279 1.202388707937409 0
1711607725282 1.1995998177841805 0
1711607725283 1.1989038493415682 0
1711607725285 1.1982074715884097 0
1711607725287 1.1966279054498592 0
1711607725288 1.1952122833746894 0
1711607725290 1.1931345207711737 0
1711607725292 1.190931567078023 0
1711607725293 1.189026958347648 0
1711607725295 1.188441454037887 0
1711607725297 1.1866638410284254 0
1711607725299 1.1853030801819442 0
1711607725300 1.183282899497273 0
1711607725302 1.182384680089782 0
1711607725304 1.180567664703395 0
1711607725305 1.1788637412911525 0
1711607725307 1.1786967733563884 0
