1711607716480 1.7982900250987788 0
1711607716482 1.7170612676662578 0
1711607716483 1.6512341510093869 0
1711607716484 1.5936107083324527 0
1711607716485 1.5470204534245697 0
1711607716487 1.5092641467441277 0
1711607716489 1.478289068760743 0
1711607716490 1.4517332049282496 0
1711607716491 1.4306042758376791 0
1711607716492 1.4113067426395205 0
1711607716493 1.3948678128760352 0
1711607716494 1.3811736820418314 0
1711607716495 1.3688989011380497 0
1711607716496 1.358657736881278 0
1711607716497 1.3492841387035923 0
1711607716498 1.3411462850995506 0
1711607716499 1.3346295628831264 0
1711607716500 1.3278517828436824 0
1711607716501 1.3218135893089613 0
1711607716502 1.315563661324711 0
1711607716503 1.310473058310508 0
1711607716504 1.3063756048237438 0
1711607716505 1.3025586852282733 0
1711607716506 1.2971957442367819 0
1711607716507 1.2931511899937653 0
1711607716508 1.2896760663602898 0
1711607716509 1.2822441004062526 0
1711607716510 1.2776551189171215 0
1711607716511 1.2749019519252933 0
1711607716512 1.2715168456560724 0
1711607716513 1.2690481192582053 0
1711607716514 1.2662364402079929 0
1711607716515 1.2627009875975794 0
1711607716516 1.2589456833321993 0
1711607716517 1.255505864493805 0
1711607716518 1.2536514797080658 0
1711607716519 1.251231257935842 0
1711607716520 1.247910718744472 0
1711607716521 1.245070015816527 0
1711607716522 1.242324764638948 0
1711607716523 1.2410414259411404 0
1711607716524 1.238721592558481 0
1711607716525 1.2355599823869678 0
1711607716526 1.2313810220090746 0
1711607716528 1.2302203745094302 0
1711607716529 1.2279405739910039 0
1711607716530 1.22677838013751 0
1711607716531 1.2250470846331245 0
1711607716533 1.2229796930387913 0
1711607716534 1.2221885350333999 0
1711607716536 1.2200452874492596 0
1711607716537 1.218811121983723 0
1711607716538 1.218104835580632 0
1711607716539 1.2158029990263397 0
1711607716541 1.214696358927464 0
1711607716542 1.2113342623903607 0
1711607716543 1.210092221090163 0
1711607716545 1.208865585385794 0
1711607716546 1.2077813066619045 0
1711607716547 1.2054344530075238 0
1711607716548 1.2032232632673139 0
1711607716550 1.1992369237130944 0
1711607716551 1.1987668993830132 0
1711607716552 1.197345373710344 0
1711607716553 1.194331999951223 0
1711607716554 1.1932260442364282 0
1711607716555 1.191602985984524 0
1711607716556 1.1886018209670872 0
1711607716557 1.188031833230062 0
1711607716558 1.1870155448112125 0
1711607716559 1.1856161425972769 0
1711607716560 1.180696621048324 0
1711607716561 1.1794245412194815 0
1711607716562 1.178557082460441 0
1711607716563 1.1764209177872338 0
1711607716564 1.17597867345199 0
1711607716565 1.1741875770378714 0
1711607716566 1.1726198461681037 0
1711607716567 1.1722196706968995 0
1711607716568 1.1708242993918536 0
1711607716569 1.1678421663799974 0
1711607716570 1.1664803933139207 0
1711607716571 1.165030690646274 0
1711607716572 1.1646933451143378 0
1711607716573 1.1619388287505508 0
1711607716574 1.1616667685998319 0
1711607716575 1.1586812071456378 0
1711607716576 1.1558798739068703 0
1711607716577 1.1537335255057928 0
1711607716578 1.1512288113955738 0
1711607716579 1.1510914092778413 0
1711607716580 1.1499624784690639 0
1711607716581 1.146883597782084 0
1711607716582 1.1459497316795841 0
1711607716583 1.1444378353675528 0
1711607716584 1.1443263462995708 0
1711607716585 1.144303910067103 0
1711607716586 1.1425493410976653 0
1711607716587 1.1402876923691219 0
1711607716588 1.1392761773000106 0
