1711607600823 1.8922565857308915 0
1711607600825 1.8838893460759114 0
1711607600827 1.8757041599487947 0
1711607600829 1.867661277368007 0
1711607600831 1.859793713098629 0
1711607600833 1.8520625695687358 0
1711607600835 1.8445002647232214 0
1711607600837 1.837068734038055 0
1711607600839 1.82979980816326 0
1711607600840 1.8226562367400667 0
1711607600842 1.8156690265661182 0
1711607600844 1.808802674158079 0
1711607600845 1.8020850844584986 0
1711607600847 1.7955002118557113 0
1711607600848 1.7890258307299387 0
1711607600850 1.7826946809566824 0
1711607600851 1.7764702221343405 0
1711607600853 1.7703961877726224 0
1711607600854 1.7644071229904195 0
1711607600856 1.7585629369407552 0
1711607600857 1.7528014627006823 0
1711607600859 1.7471770579738513 0
1711607600860 1.7416334003151208 0
1711607600862 1.7362220892326967 0
1711607600863 1.7309182226978368 0
1711607600865 1.7256745920519916 0
1711607600866 1.7205538850885387 0
1711607600868 1.715497023177021 0
1711607600869 1.7105590700664655 0
1711607600871 1.7056821527422563 0
1711607600872 1.7009202685625187 0
1711607600874 1.6962148583823529 0
1711607600875 1.6916205709247674 0
1711607600877 1.6870818275526744 0
1711607600878 1.6826405566755829 0
1711607600880 1.6782850217406595 0
1711607600882 1.673984346402935 0
1711607600883 1.669768035816775 0
1711607600885 1.6656313227659176 0
1711607600886 1.6615621431531602 0
1711607600887 1.6575710722299293 0
1711607600889 1.6536439381231145 0
1711607600891 1.6497988807867325 0
1711607600892 1.6460153790766385 0
1711607600893 1.6422885624995005 0
1711607600894 1.6386370419082132 0
1711607600895 1.6350403474955935 0
1711607600897 1.6315158009877946 0
1711607600898 1.6280434835071016 0
1711607600899 1.6246408111139246 0
1711607600899 1.6212899561579048 0
1711607600900 1.6178592167948143 0
1711607600902 1.6146283076756185 0
1711607600904 1.6114675847009787 0
1711607600906 1.6082140008451027 0
1711607600907 1.6051545718449267 0
1711607600909 1.6020128693229754 0
1711607600910 1.5989313880406621 0
1711607600912 1.595908513534849 0
1711607600913 1.5930518377713825 0
1711607600915 1.590179563123441 0
1711607600916 1.5873059669208949 0
1711607600918 1.5844874529817206 0
1711607600919 1.581762626989184 0
1711607600921 1.5790372703171365 0
1711607600922 1.5764087450733344 0
1711607600923 1.5738759701893004 0
1711607600925 1.57129161788742 0
1711607600926 1.5687467039181568 0
1711607600928 1.5662588600516723 0
1711607600929 1.563888766284644 0
1711607600931 1.5614729356924233 0
1711607600933 1.5591367598872652 0
1711607600934 1.5568032992657261 0
1711607600936 1.5545484504392288 0
1711607600938 1.5522493158767376 0
1711607600940 1.5500317243436585 0
1711607600941 1.5479271802421841 0
1711607600944 1.5458235358513346 0
1711607600947 1.5437109923003198 0
1711607600949 1.5415985442364402 0
1711607600951 1.539597686993373 0
1711607600953 1.5375905543550803 0
1711607600954 1.535584101705268 0
1711607600956 1.5337143068741521 0
1711607600958 1.5318050368810523 0
1711607600960 1.5299653197382328 0
1711607600962 1.5281183318331681 0
1711607600963 1.52634162013172 0
1711607600966 1.524519742800538 0
1711607600967 1.522762484063147 0
1711607600970 1.521071081756622 0
1711607600971 1.5194349983328987 0
1711607600973 1.5177261506035216 0
1711607600974 1.516051293590269 0
1711607600976 1.5144269883953463 0
1711607600977 1.5128110368263499 0
1711607600979 1.5112426350886559 0
1711607600980 1.5097285182549158 0
1711607600982 1.508211893408499 0
