1711607719342 1.799970728935286 0
1711607719345 1.7219294867708672 0
1711607719346 1.6556827964413188 0
1711607719347 1.600976241481739 0
1711607719348 1.5549318144532491 0
1711607719349 1.5158822272955175 0
1711607719350 1.4849100678147629 0
1711607719351 1.458122662895384 0
1711607719352 1.4365125810253891 0
1711607719353 1.417956299467651 0
1711607719354 1.4032474204181973 0
1711607719355 1.3874240222501875 0
1711607719356 1.3763784697852512 0
1711607719357 1.3649042218413785 0
1711607719358 1.356799236026513 0
1711607719359 1.3498297479197519 0
1711607719360 1.3422696413201394 0
1711607719361 1.3348283241827512 0
1711607719362 1.3272380715299812 0
1711607719363 1.3200783644751428 0
1711607719364 1.3156482719913711 0
1711607719365 1.3111834272550946 0
1711607719366 1.3057230433771545 0
1711607719367 1.3016980954467214 0
1711607719368 1.2980683785244425 0
1711607719369 1.2942010892242868 0
1711607719370 1.2907812511148105 0
1711607719371 1.2878345944663303 0
1711607719372 1.2844621551308737 0
1711607719373 1.2788074169022587 0
1711607719374 1.2750794852568068 0
1711607719375 1.2721742357040502 0
1711607719376 1.2705850261886265 0
1711607719377 1.2679476645607408 0
1711607719378 1.2662289348294675 0
1711607719379 1.2631663801589104 0
1711607719380 1.260630087356969 0
1711607719381 1.2583601456145763 0
1711607719382 1.256537529424746 0
1711607719383 1.2539491756381125 0
1711607719384 1.252742020532413 0
1711607719385 1.2500985274627123 0
1711607719386 1.2477261320292559 0
1711607719387 1.2461235094380785 0
1711607719388 1.244426008093218 0
1711607719389 1.2414591341561865 0
1711607719390 1.2395241097845184 0
1711607719391 1.2370896899525126 0
1711607719392 1.233466540766177 0
1711607719393 1.2314307291301156 0
1711607719394 1.2284725630248599 0
1711607719395 1.2244212334477795 0
1711607719396 1.222138608649749 0
1711607719397 1.2192609601387718 0
1711607719398 1.2158890071722015 0
1711607719399 1.2149815207794636 0
1711607719401 1.2144283906280557 0
1711607719402 1.2139938595429154 0
1711607719403 1.2099186663415 0
1711607719404 1.207654689575276 0
1711607719405 1.2070999343606772 0
1711607719406 1.2055519683383447 0
1711607719407 1.2026282432501716 0
1711607719408 1.199376479667478 0
1711607719409 1.1976439130949916 0
1711607719410 1.1973343080972332 0
1711607719411 1.1938389748654403 0
1711607719412 1.1914081201193767 0
1711607719413 1.189855928218874 0
1711607719415 1.1891335065647237 0
1711607719416 1.1872854133685897 0
1711607719417 1.1864957089318968 0
1711607719418 1.1854062596787451 0
1711607719419 1.1825613538557405 0
1711607719420 1.1814961253189113 0
1711607719421 1.1772433140280842 0
1711607719422 1.1762148195822757 0
1711607719423 1.1734933766642304 0
1711607719424 1.1727642783735186 0
1711607719425 1.1716061842057894 0
1711607719426 1.1691491709067539 0
1711607719427 1.1661293111323774 0
1711607719428 1.1650077916411024 0
1711607719429 1.1638644423922635 0
1711607719430 1.162667722763912 0
1711607719431 1.160743075735913 0
1711607719432 1.1573116642061385 0
1711607719433 1.156553559571392 0
1711607719434 1.1555247324077291 0
1711607719435 1.1539266513317366 0
1711607719436 1.1537193193396296 0
1711607719437 1.152411299453648 0
1711607719438 1.1516597541221234 0
1711607719439 1.1487271260666871 0
1711607719440 1.1476916721460955 0
1711607719441 1.1474572874244378 0
1711607719442 1.1466477361582819 0
1711607719443 1.144100927500123 0
1711607719444 1.143239981268851 0
1711607719445 1.1430254349033606 0
