1711607624457 1.8900385922920429 0
1711607624459 1.8795184141381027 0
1711607624460 1.86953547858409 0
1711607624461 1.8597512034476025 0
1711607624462 1.8498086061576413 0
1711607624463 1.8403977451355131 0
1711607624464 1.8308281976482832 0
1711607624465 1.821776359094677 0
1711607624466 1.8125606126412432 0
1711607624467 1.8038539063032009 0
1711607624468 1.7949876771662931 0
1711607624469 1.7866128663864391 0
1711607624470 1.7780735977352018 0
1711607624471 1.7700236501486508 0
1711607624472 1.7618009561187917 0
1711607624472 1.7540494154454067 0
1711607624473 1.7461277400116881 0
1711607624474 1.7386710930287148 0
1711607624475 1.731082771091661 0
1711607624476 1.7236034040807717 0
1711607624477 1.716292045755617 0
1711607624478 1.7091025503262192 0
1711607624479 1.7023108858474274 0
1711607624480 1.6954251871139574 0
1711607624481 1.6886559309207565 0
1711607624482 1.6820438073668673 0
1711607624483 1.6755195850077012 0
1711607624484 1.6693341990053008 0
1711607624485 1.663084874961158 0
1711607624486 1.6569649582600072 0
1711607624487 1.6509229170278257 0
1711607624488 1.6450419043245261 0
1711607624488 1.6394022074011143 0
1711607624489 1.6337289765961154 0
1711607624490 1.6281323446298217 0
1711607624491 1.6226737270336669 0
1711607624492 1.6174315137196074 0
1711607624493 1.6121769235805796 0
1711607624494 1.6069784583116902 0
1711607624495 1.6019240577167544 0
1711607624496 1.59698194049837 0
1711607624497 1.592029357724928 0
1711607624498 1.5873287597517127 0
1711607624499 1.5827229647465644 0
1711607624500 1.578108066736321 0
1711607624501 1.5735966248593618 0
1711607624502 1.569161676992136 0
1711607624502 1.5647920820714303 0
1711607624503 1.5605176319977063 0
1711607624504 1.5563371388806861 0
1711607624505 1.5523390206236591 0
1711607624506 1.5482884467935467 0
1711607624507 1.5443203720149554 0
1711607624508 1.540400386472748 0
1711607624509 1.5365363233797125 0
1711607624510 1.5327915741825728 0
1711607624511 1.529127364891708 0
1711607624512 1.5255348409671714 0
1711607624513 1.5220434967984477 0
1711607624514 1.5184947517517937 0
1711607624515 1.5150257140573316 0
1711607624515 1.511671424095009 0
1711607624516 1.508316035050129 0
1711607624518 1.5050445339366683 0
1711607624519 1.5018756659823191 0
1711607624520 1.4987239553493032 0
1711607624520 1.4956832237043343 0
1711607624522 1.4926572697093468 0
1711607624523 1.489760351405113 0
1711607624524 1.4867777752242282 0
1711607624524 1.4839421610338823 0
1711607624526 1.4810633664442232 0
1711607624527 1.4782917079797604 0
1711607624528 1.475546092744134 0
1711607624529 1.4729318030361802 0
1711607624530 1.470236794893756 0
1711607624531 1.4676869984622285 0
1711607624532 1.465086393224267 0
1711607624533 1.4625546241156393 0
1711607624534 1.4600950435705367 0
1711607624535 1.4577054812292924 0
1711607624536 1.4552784109052033 0
1711607624537 1.4528985104946748 0
1711607624538 1.4505658617647579 0
1711607624539 1.4482387723092158 0
1711607624540 1.4459573973739002 0
1711607624541 1.4436996834856457 0
1711607624542 1.44155712461287 0
1711607624543 1.4394294940075638 0
1711607624544 1.4372703715597617 0
1711607624545 1.4352733076506357 0
1711607624546 1.4332456115178682 0
1711607624547 1.4312057727649823 0
1711607624548 1.4291903497440617 0
1711607624550 1.4272185419652303 0
1711607624551 1.4253745777794031 0
1711607624552 1.423454003856052 0
1711607624552 1.4215708326122685 0
1711607624553 1.4197566989318606 0
1711607624554 1.4179277608838226 0
